    6    1    0    0    6    6    6    6    6    6    1    1    0   0.000   0.80    5    1    1    0    0    0     5.000     0.000     0.000     0.000     0.000   -99.000   -99.000   -99.000       -99   -99.000   -99.000   -99.000   331976 U S STANDARD        4.000     4.000     0.000     2.000     0.000  6371.000    0  -99  -99  -99  -99   -99.000   -99.000   -99.000   -99.000   -99.000   -99.000   -99.000   -99.000  1250.000  2000.000     5.000    0   FREQ  H2O     O3       CO2    CO       CH4     N2O    O2     NH3      NO     NO2      SO2
   1/CM  TRANS   TRANS    TRANS  TRANS    TRANS   TRANS  TRANS  TRANS    TRANS  TRANS    TRANS
    1250  0.8753  1.0000  0.9963  1.0000  0.9143  0.9576  1.0000  1.0000  1.0000  1.0000  1.00003.390e-307
    1255  0.8396  1.0000  0.9964  1.0000  0.9042  0.9349  1.0000  1.0000  1.0000  1.0000  1.00003.390e-307
    1260  0.8038  1.0000  0.9964  1.0000  0.8942  0.9066  1.0000  1.0000  1.0000  1.0000  1.00003.390e-307
    1265  0.7806  1.0000  0.9963  1.0000  0.8883  0.8779  1.0000  1.0000  1.0000  1.0000  1.00003.390e-307
    1270  0.7644  1.0000  0.9963  1.0000  0.8852  0.8599  1.0000  1.0000  1.0000  1.0000  1.00003.390e-307
    1275  0.7788  1.0000  0.9965  1.0000  0.8870  0.8537  1.0000  1.0000  1.0000  1.0000  1.00003.390e-307
    1280  0.7903  1.0000  0.9969  1.0000  0.8875  0.8559  1.0000  1.0000  1.0000  1.0000  1.00003.390e-307
    1285  0.7992  1.0000  0.9977  1.0000  0.8785  0.8581  1.0000  1.0000  1.0000  1.0000  1.00003.390e-307
    1290  0.8124  1.0000  0.9985  1.0000  0.8568  0.8495  1.0000  1.0000  1.0000  1.0000  1.00003.390e-307
    1295  0.8124  1.0000  0.9991  1.0000  0.8344  0.8400  1.0000  1.0000  1.0000  1.0000  1.00003.390e-307
    1300  0.7998  1.0000  0.9995  1.0000  0.8261  0.8397  1.0000  1.0000  1.0000  1.0000  1.00003.390e-307
    1305  0.7529  1.0000  0.9998  1.0000  0.8464  0.8574  1.0000  1.0000  1.0000  1.0000  1.00003.390e-307
    1310  0.6746  1.0000  0.9999  1.0000  0.8891  0.8931  1.0000  1.0000  1.0000  1.0000  1.00003.390e-307
    1315  0.5975  1.0000  0.9999  1.0000  0.9141  0.9301  1.0000  1.0000  1.0000  1.0000  1.00003.390e-307
    1320  0.5570  1.0000  0.9998  1.0000  0.9225  0.9595  1.0000  1.0000  1.0000  1.0000  1.00003.390e-307
    1325  0.5532  1.0000  0.9996  1.0000  0.9188  0.9783  1.0000  1.0000  1.0000  1.0000  0.99993.390e-307
    1330  0.5549  1.0000  0.9991  1.0000  0.9042  0.9888  1.0000  1.0000  1.0000  1.0000  0.99983.390e-307
    1335  0.5408  1.0000  0.9985  1.0000  0.8881  0.9945  1.0000  1.0000  1.0000  1.0000  0.99973.390e-307
    1340  0.5201  1.0000  0.9975  1.0000  0.8742  0.9975  1.0000  1.0000  1.0000  1.0000  0.99953.390e-307
    1345  0.5079  1.0000  0.9965  1.0000  0.8660  0.9990  1.0000  1.0000  1.0000  1.0000  0.99933.390e-307
    1350  0.4791  1.0000  0.9957  1.0000  0.8659  0.9997  1.0000  1.0000  1.0000  1.0000  0.99923.390e-307
    1355  0.4402  1.0000  0.9952  1.0000  0.8733  0.9999  1.0000  1.0000  1.0000  1.0000  0.99923.390e-307
    1360  0.3731  1.0000  0.9952  1.0000  0.8890  1.0000  1.0000  1.0000  1.0000  1.0000  0.99923.390e-307
    1365  0.3064  1.0000  0.9952  1.0000  0.9094  1.0000  1.0000  1.0000  1.0000  1.0000  0.99923.390e-307
    1370  0.2669  1.0000  0.9950  1.0000  0.9305  1.0000  1.0000  1.0000  1.0000  1.0000  0.99923.390e-307
    1375  0.2396  1.0000  0.9947  1.0000  0.9491  1.0000  1.0000  1.0000  1.0000  1.0000  0.99923.390e-307
    1380  0.2318  1.0000  0.9948  1.0000  0.9643  1.0000  1.0000  1.0000  1.0000  1.0000  0.99943.390e-307
    1385  0.1973  1.0000  0.9952  1.0000  0.9757  1.0000  1.0000  1.0000  1.0000  1.0000  0.99963.390e-307
    1390  0.1559  1.0000  0.9961  1.0000  0.9837  1.0000  1.0000  1.0000  1.0000  1.0000  0.99983.390e-307
    1395  0.1364  1.0000  0.9972  1.0000  0.9889  1.0000  1.0000  1.0000  1.0000  1.0000  0.99993.390e-307
    1400  0.1336  1.0000  0.9981  1.0000  0.9919  1.0000  0.9999  1.0000  1.0000  1.0000  1.00003.390e-307
    1405  0.1406  1.0000  0.9988  1.0000  0.9932  1.0000  0.9998  1.0000  1.0000  1.0000  1.00003.390e-307
    1410  0.1484  1.0000  0.9993  1.0000  0.9935  1.0000  0.9997  1.0000  1.0000  1.0000  1.00003.390e-307
    1415  0.1268  1.0000  0.9996  1.0000  0.9935  1.0000  0.9994  1.0000  1.0000  1.0000  1.00003.390e-307
    1420  0.0879  1.0000  0.9998  1.0000  0.9933  1.0000  0.9987  1.0000  1.0000  1.0000  1.00003.390e-307
    1425  0.0734  1.0000  0.9999  1.0000  0.9929  1.0000  0.9974  1.0000  1.0000  1.0000  1.00003.390e-307
    1430  0.0696  1.0000  1.0000  1.0000  0.9929  1.0000  0.9949  1.0000  1.0000  1.0000  1.00003.390e-307
    1435  0.0793  1.0000  1.0000  1.0000  0.9927  1.0000  0.9897  1.0000  1.0000  1.0000  1.00003.390e-307
    1440  0.0958  1.0000  1.0000  1.0000  0.9925  1.0000  0.9877  1.0000  1.0000  1.0000  1.00003.390e-307
    1445  0.0844  1.0000  1.0000  1.0000  0.9925  1.0000  0.9859  1.0000  1.0000  1.0000  1.00003.390e-307
    1450  0.0552  1.0000  1.0000  1.0000  0.9922  1.0000  0.9842  1.0000  1.0000  1.0000  1.00003.390e-307
    1455  0.0283  1.0000  1.0000  1.0000  0.9926  1.0000  0.9825  1.0000  1.0000  1.0000  1.00003.390e-307
    1460  0.0129  1.0000  1.0000  1.0000  0.9929  1.0000  0.9796  0.9999  1.0000  1.0000  1.00003.390e-307
    1465  0.0104  1.0000  1.0000  1.0000  0.9933  1.0000  0.9764  0.9999  1.0000  1.0000  1.00003.390e-307
    1470  0.0140  1.0000  1.0000  1.0000  0.9941  1.0000  0.9743  0.9999  1.0000  1.0000  1.00003.390e-307
    1475  0.0190  1.0000  1.0000  1.0000  0.9947  1.0000  0.9732  0.9999  1.0000  1.0000  1.00003.390e-307
    1480  0.0243  1.0000  1.0000  1.0000  0.9958  1.0000  0.9716  0.9999  1.0000  1.0000  1.00003.390e-307
    1485  0.0180  1.0000  1.0000  1.0000  0.9967  1.0000  0.9683  0.9998  1.0000  1.0000  1.00003.390e-307
    1490  0.0081  1.0000  1.0000  1.0000  0.9973  1.0000  0.9648  0.9998  1.0000  1.0000  1.00003.390e-307
    1495  0.0031  1.0000  1.0000  1.0000  0.9979  1.0000  0.9628  0.9998  1.0000  1.0000  1.00003.390e-307
    1500  0.0008  1.0000  1.0000  1.0000  0.9983  1.0000  0.9609  0.9998  1.0000  1.0000  1.00003.390e-307
    1505  0.0003  1.0000  1.0000  1.0000  0.9986  1.0000  0.9599  0.9998  1.0000  1.0000  1.00003.390e-307
    1510  0.0001  1.0000  1.0000  1.0000  0.9990  1.0000  0.9589  0.9997  1.0000  1.0000  1.00003.390e-307
    1515  0.0001  1.0000  1.0000  1.0000  0.9993  1.0000  0.9545  0.9997  1.0000  1.0000  1.00003.390e-307
    1520  0.0001  1.0000  1.0000  1.0000  0.9982  1.0000  0.9496  0.9997  1.0000  1.0000  1.00003.390e-307
    1525  0.0001  1.0000  1.0000  1.0000  0.9949  1.0000  0.9441  0.9997  1.0000  1.0000  1.00003.390e-307
    1530  0.0001  1.0000  1.0000  1.0000  0.9901  1.0000  0.9400  0.9997  1.0000  1.0000  1.00003.390e-307
    1535  0.0001  1.0000  1.0000  1.0000  0.9842  1.0000  0.9331  0.9997  1.0000  1.0000  1.00003.390e-307
    1540  0.0002  1.0000  1.0000  1.0000  0.9808  1.0000  0.9262  0.9997  1.0000  1.0000  1.00003.390e-307
    1545  0.0003  1.0000  1.0000  1.0000  0.9820  1.0000  0.9238  0.9997  1.0000  1.0000  1.00003.390e-307
    1550  0.0004  1.0000  1.0000  1.0000  0.9858  1.0000  0.9213  0.9997  1.0000  1.0000  1.00003.390e-307
    1555  0.0003  1.0000  1.0000  1.0000  0.9907  1.0000  0.9196  0.9997  1.0000  1.0000  1.00003.390e-307
    1560  0.0003  1.0000  1.0000  1.0000  0.9946  1.0000  0.9247  0.9997  1.0000  1.0000  1.00003.390e-307
    1565  0.0007  1.0000  1.0000  1.0000  0.9966  1.0000  0.9278  0.9997  1.0000  0.9999  1.00003.390e-307
    1570  0.0039  1.0000  1.0000  1.0000  0.9976  1.0000  0.9315  0.9997  1.0000  0.9999  1.00003.390e-307
    1575  0.0263  1.0000  1.0000  1.0000  0.9978  1.0000  0.9351  0.9998  1.0000  0.9998  1.00003.390e-307
    1580  0.0979  1.0000  1.0000  1.0000  0.9978  1.0000  0.9372  0.9998  1.0000  0.9997  1.00003.390e-307
    1585  0.1937  1.0000  1.0000  1.0000  0.9974  1.0000  0.9398  0.9998  1.0000  0.9996  1.00003.390e-307
    1590  0.2326  1.0000  1.0000  1.0000  0.9970  1.0000  0.9419  0.9998  1.0000  0.9995  1.00003.390e-307
    1595  0.2295  1.0000  1.0000  1.0000  0.9965  1.0000  0.9415  0.9998  1.0000  0.9994  1.00003.390e-307
    1600  0.1910  1.0000  1.0000  1.0000  0.9957  1.0000  0.9412  0.9998  1.0000  0.9993  1.00003.390e-307
    1605  0.1135  1.0000  1.0000  1.0000  0.9954  1.0000  0.9415  0.9997  1.0000  0.9993  1.00003.390e-307
    1610  0.0518  1.0000  1.0000  1.0000  0.9947  0.9999  0.9418  0.9996  1.0000  0.9993  1.00003.390e-307
    1615  0.0183  1.0000  1.0000  1.0000  0.9948  0.9999  0.9432  0.9994  1.0000  0.9992  1.00003.390e-307
    1620  0.0058  1.0000  1.0000  1.0000  0.9949  0.9999  0.9447  0.9993  1.0000  0.9992  1.00003.390e-307
    1625  0.0031  1.0000  1.0000  1.0000  0.9949  0.9998  0.9474  0.9991  1.0000  0.9992  1.00003.390e-307
    1630  0.0027  1.0000  1.0000  1.0000  0.9951  0.9998  0.9502  0.9990  1.0000  0.9992  1.00003.390e-307
    1635  0.0018  1.0000  1.0000  1.0000  0.9951  0.9997  0.9527  0.9991  1.0000  0.9994  1.00003.390e-307
    1640  0.0013  1.0000  1.0000  1.0000  0.9951  0.9998  0.9553  0.9991  1.0000  0.9996  1.00003.390e-307
    1645  0.0005  1.0000  1.0000  1.0000  0.9952  0.9998  0.9589  0.9992  1.0000  0.9998  1.00003.390e-307
    1650  0.0004  1.0000  1.0000  1.0000  0.9954  0.9999  0.9624  0.9993  1.0000  0.9999  1.00003.390e-307
    1655  0.0006  1.0000  1.0000  1.0000  0.9954  0.9999  0.9658  0.9994  1.0000  0.9999  1.00003.390e-307
    1660  0.0009  1.0000  1.0000  1.0000  0.9958  1.0000  0.9695  0.9995  1.0000  1.0000  1.00003.390e-307
    1665  0.0010  1.0000  1.0000  1.0000  0.9958  1.0000  0.9732  0.9996  1.0000  1.0000  1.00003.390e-307
    1670  0.0006  1.0000  1.0000  1.0000  0.9962  1.0000  0.9769  0.9997  1.0000  1.0000  1.00003.390e-307
    1675  0.0004  1.0000  1.0000  1.0000  0.9966  1.0000  0.9802  0.9997  1.0000  1.0000  1.00003.390e-307
    1680  0.0002  0.9999  1.0000  1.0000  0.9968  1.0000  0.9834  0.9997  1.0000  1.0000  1.00003.390e-307
    1685  0.0001  0.9999  1.0000  1.0000  0.9976  1.0000  0.9867  0.9997  1.0000  1.0000  1.00003.390e-307
    1690  0.0001  0.9999  1.0000  1.0000  0.9979  1.0000  0.9871  0.9997  1.0000  1.0000  1.00003.390e-307
    1695  0.0001  0.9998  1.0000  1.0000  0.9984  1.0000  0.9875  0.9997  1.0000  1.0000  1.00003.390e-307
    1700  0.0001  0.9997  1.0000  1.0000  0.9988  1.0000  0.9877  0.9996  1.0000  1.0000  1.00003.390e-307
    1705  0.0003  0.9996  1.0000  1.0000  0.9990  1.0000  0.9884  0.9996  1.0000  1.0000  1.00003.390e-307
    1710  0.0013  0.9996  1.0000  1.0000  0.9993  1.0000  0.9891  0.9996  1.0000  1.0000  1.00003.390e-307
    1715  0.0037  0.9996  1.0000  1.0000  0.9994  1.0000  0.9897  0.9996  1.0000  1.0000  1.00003.390e-307
    1720  0.0078  0.9995  1.0000  1.0000  0.9996  1.0000  0.9916  0.9996  1.0000  1.0000  1.00003.390e-307
    1725  0.0111  0.9995  1.0000  1.0000  0.9997  0.9999  0.9933  0.9996  1.0000  1.0000  1.00003.390e-307
    1730  0.0066  0.9995  1.0000  1.0000  0.9998  0.9999  0.9965  0.9996  1.0000  1.0000  1.00003.390e-307
    1735  0.0030  0.9994  1.0000  1.0000  0.9998  0.9998  0.9983  0.9996  1.0000  1.0000  1.00003.390e-307
    1740  0.0019  0.9994  1.0000  1.0000  0.9999  0.9998  0.9992  0.9995  1.0000  1.0000  1.00003.390e-307
    1745  0.0019  0.9996  1.0000  1.0000  0.9999  0.9997  0.9996  0.9996  1.0000  1.0000  1.00003.390e-307
    1750  0.0048  0.9997  1.0000  1.0000  0.9999  0.9997  0.9998  0.9996  1.0000  1.0000  1.00003.390e-307
    1755  0.0114  0.9998  1.0000  1.0000  1.0000  0.9997  0.9999  0.9996  1.0000  1.0000  1.00003.390e-307
    1760  0.0152  0.9999  1.0000  1.0000  1.0000  0.9998  1.0000  0.9996  1.0000  1.0000  1.00003.390e-307
    1765  0.0181  0.9999  1.0000  1.0000  1.0000  0.9998  1.0000  0.9996  1.0000  1.0000  1.00003.390e-307
    1770  0.0193  0.9999  1.0000  1.0000  1.0000  0.9999  1.0000  0.9997  1.0000  1.0000  1.00003.390e-307
    1775  0.0232  0.9999  1.0000  1.0000  1.0000  0.9999  1.0000  0.9997  1.0000  1.0000  1.00003.390e-307
    1780  0.0307  0.9999  1.0000  1.0000  1.0000  1.0000  1.0000  0.9997  1.0000  1.0000  1.00003.390e-307
    1785  0.0370  0.9999  1.0000  1.0000  1.0000  1.0000  1.0000  0.9997  1.0000  1.0000  1.00003.390e-307
    1790  0.0427  0.9999  1.0000  1.0000  1.0000  1.0000  1.0000  0.9997  1.0000  1.0000  1.00003.390e-307
    1795  0.0479  0.9999  1.0000  1.0000  1.0000  1.0000  1.0000  0.9998  0.9999  1.0000  1.00003.390e-307
    1800  0.0768  0.9999  1.0000  1.0000  1.0000  1.0000  1.0000  0.9998  0.9999  1.0000  1.00003.390e-307
    1805  0.1425  0.9999  1.0000  1.0000  1.0000  1.0000  1.0000  0.9998  0.9999  1.0000  1.00003.390e-307
    1810  0.2018  0.9999  1.0000  1.0000  1.0000  1.0000  1.0000  0.9999  0.9999  1.0000  1.00003.390e-307
    1815  0.2489  0.9998  1.0000  1.0000  1.0000  1.0000  1.0000  0.9999  0.9998  1.0000  1.00003.390e-307
    1820  0.2426  0.9998  0.9999  1.0000  1.0000  1.0000  1.0000  0.9999  0.9998  1.0000  1.00003.390e-307
    1825  0.1869  0.9999  0.9999  1.0000  1.0000  1.0000  1.0000  0.9999  0.9997  1.0000  1.00003.390e-307
    1830  0.1417  0.9999  0.9998  1.0000  1.0000  1.0000  1.0000  0.9999  0.9997  1.0000  1.00003.390e-307
    1835  0.1310  0.9999  0.9997  1.0000  1.0000  1.0000  1.0000  0.9999  0.9996  1.0000  1.00003.390e-307
    1840  0.1605  0.9999  0.9994  1.0000  1.0000  0.9999  1.0000  0.9999  0.9996  1.0000  1.00003.390e-307
    1845  0.2320  0.9999  0.9989  1.0000  1.0000  0.9998  1.0000  0.9999  0.9996  1.0000  1.00003.390e-307
    1850  0.3272  0.9999  0.9983  1.0000  1.0000  0.9997  1.0000  1.0000  0.9996  1.0000  1.00003.390e-307
    1855  0.3743  0.9999  0.9977  1.0000  1.0000  0.9996  1.0000  1.0000  0.9996  1.0000  1.00003.390e-307
    1860  0.3930  1.0000  0.9971  1.0000  1.0000  0.9994  1.0000  1.0000  0.9996  1.0000  1.00003.390e-307
    1865  0.4100  1.0000  0.9966  1.0000  1.0000  0.9992  1.0000  1.0000  0.9996  1.0000  1.00003.390e-307
    1870  0.4256  1.0000  0.9959  1.0000  1.0000  0.9989  1.0000  1.0000  0.9997  1.0000  1.00003.390e-307
    1875  0.4651  1.0000  0.9949  1.0000  1.0000  0.9987  1.0000  1.0000  0.9997  1.0000  1.00003.390e-307
    1880  0.4854  1.0000  0.9932  1.0000  1.0000  0.9985  1.0000  1.0000  0.9997  1.0000  1.00003.390e-307
    1885  0.4902  1.0000  0.9905  1.0000  1.0000  0.9985  1.0000  1.0000  0.9997  1.0000  1.00003.390e-307
    1890  0.4858  1.0000  0.9866  1.0000  1.0000  0.9987  1.0000  1.0000  0.9996  1.0000  1.00003.390e-307
    1895  0.4784  1.0000  0.9811  1.0000  1.0000  0.9989  1.0000  1.0000  0.9995  1.0000  1.00003.390e-307
    1900  0.4886  1.0000  0.9741  1.0000  1.0000  0.9992  1.0000  1.0000  0.9995  1.0000  1.00003.390e-307
    1905  0.4609  1.0000  0.9667  1.0000  1.0000  0.9995  1.0000  1.0000  0.9995  1.0000  1.00003.390e-307
    1910  0.4324  1.0000  0.9613  1.0000  1.0000  0.9997  1.0000  1.0000  0.9995  1.0000  1.00003.390e-307
    1915  0.4363  1.0000  0.9592  1.0000  1.0000  0.9998  1.0000  1.0000  0.9995  1.0000  1.00003.390e-307
    1920  0.4667  1.0000  0.9598  1.0000  1.0000  0.9999  1.0000  1.0000  0.9996  1.0000  1.00003.390e-307
    1925  0.5529  1.0000  0.9648  1.0000  1.0000  1.0000  1.0000  1.0000  0.9997  1.0000  1.00003.390e-307
    1930  0.6133  1.0000  0.9715  1.0000  1.0000  1.0000  1.0000  1.0000  0.9997  1.0000  1.00003.390e-307
    1935  0.6329  1.0000  0.9786  1.0000  1.0000  1.0000  1.0000  1.0000  0.9998  1.0000  1.00003.390e-307
    1940  0.6230  1.0000  0.9857  1.0000  1.0000  1.0000  1.0000  1.0000  0.9999  1.0000  1.00003.390e-307
    1945  0.6121  1.0000  0.9899  1.0000  1.0000  1.0000  1.0000  1.0000  0.9999  1.0000  1.00003.390e-307
    1950  0.6277  1.0000  0.9918  1.0000  1.0000  1.0000  1.0000  1.0000  1.0000  1.0000  1.00003.390e-307
    1955  0.6507  1.0000  0.9925  1.0000  1.0000  1.0000  1.0000  1.0000  1.0000  1.0000  1.00003.390e-307
    1960  0.6955  1.0000  0.9923  1.0000  1.0000  1.0000  1.0000  1.0000  1.0000  1.0000  1.00003.390e-307
    1965  0.7394  1.0000  0.9927  1.0000  1.0000  1.0000  1.0000  1.0000  1.0000  1.0000  1.00003.390e-307
    1970  0.7807  1.0000  0.9940  1.0000  1.0000  1.0000  1.0000  1.0000  1.0000  1.0000  1.00003.390e-307
    1975  0.8041  1.0000  0.9956  1.0000  1.0000  1.0000  1.0000  1.0000  1.0000  1.0000  1.00003.390e-307
    1980  0.8035  1.0000  0.9970  1.0000  1.0000  1.0000  1.0000  1.0000  1.0000  1.0000  1.00003.390e-307
    1985  0.7833  1.0000  0.9979  1.0000  1.0000  1.0000  1.0000  1.0000  1.0000  1.0000  1.00003.390e-307
    1990  0.7556  1.0000  0.9984  0.9999  1.0000  1.0000  1.0000  1.0000  1.0000  1.0000  1.00003.390e-307
    1995  0.7583  0.9999  0.9983  0.9999  1.0000  1.0000  1.0000  1.0000  1.0000  1.0000  1.00003.390e-307
    2000  0.7774  0.9999  0.9978  0.9998  1.0000  1.0000  1.0000  1.0000  1.0000  1.0000  1.00003.390e-307
 -9999.0