    6    1    0    0    6    6    6    6    6    6    1    1    0   0.000   0.80
    5    1    1    0    0    0     5.000     0.000     0.000     0.000     0.000
   -99.000   -99.000   -99.000       -99
   -99.000   -99.000   -99.000
   331976 U S STANDARD   
     4.000     4.000     0.000     2.000     0.000  6371.000    0
  -99  -99  -99  -99
   -99.000   -99.000   -99.000   -99.000   -99.000   -99.000   -99.000   -99.000
  1250.000  2000.000     5.000
    0
     FREQ   TOTAL     H2O     CO2+ OZONE    TRACE  N2 CON  H2O CON MOL SCAT AER-HYD HNO3   AER-HYD
    1250  0.7510  0.8753  0.8724  1.0000  1.0000  1.0000  0.9842  1.0000  0.9994  1.0000  0.0006 2.863e-01
    1255  0.6945  0.8396  0.8423  1.0000  1.0000  1.0000  0.9826  1.0000  0.9994  1.0000  0.0006 3.646e-01
    1260  0.6367  0.8038  0.8079  1.0000  1.0000  1.0000  0.9810  1.0000  0.9994  1.0000  0.0006 4.515e-01
    1265  0.5933  0.7806  0.7770  1.0000  1.0000  1.0000  0.9788  1.0000  0.9994  1.0000  0.0005 5.220e-01
    1270  0.5658  0.7644  0.7583  1.0000  1.0000  1.0000  0.9765  1.0000  0.9995  1.0000  0.0005 5.696e-01
    1275  0.5715  0.7788  0.7545  1.0000  1.0000  1.0000  0.9731  1.0000  0.9994  1.0000  0.0005 5.595e-01
    1280  0.5799  0.7903  0.7572  1.0000  1.0000  1.0000  0.9696  1.0000  0.9994  0.9999  0.0005 5.449e-01
    1285  0.5788  0.7992  0.7521  1.0000  1.0000  1.0000  0.9635  1.0000  0.9994  0.9999  0.0005 5.468e-01
    1290  0.5648  0.8124  0.7268  1.0000  1.0000  1.0000  0.9573  1.0000  0.9994  0.9999  0.0005 5.713e-01
    1295  0.5407  0.8124  0.7003  1.0000  1.0000  1.0000  0.9510  1.0000  0.9994  0.9999  0.0006 6.149e-01
    1300  0.5235  0.7998  0.6933  1.0000  1.0000  1.0000  0.9448  1.0000  0.9994  0.9998  0.0006 6.473e-01
    1305  0.5103  0.7529  0.7256  1.0000  1.0000  1.0000  0.9348  1.0000  0.9994  0.9998  0.0006 6.728e-01
    1310  0.4949  0.6746  0.7940  1.0000  1.0000  1.0000  0.9249  1.0000  0.9994  0.9998  0.0006 7.033e-01
    1315  0.4633  0.5975  0.8501  1.0000  1.0000  1.0000  0.9130  1.0000  0.9994  0.9997  0.0006 7.693e-01
    1320  0.4439  0.5570  0.8851  1.0000  1.0000  1.0000  0.9013  1.0000  0.9994  0.9998  0.0006 8.121e-01
    1325  0.4404  0.5532  0.8986  1.0000  0.9999  1.0000  0.8868  1.0000  0.9994  0.9998  0.0006 8.200e-01
    1330  0.4320  0.5549  0.8933  1.0000  0.9998  1.0000  0.8724  1.0000  0.9994  0.9998  0.0006 8.393e-01
    1335  0.4052  0.5408  0.8819  1.0000  0.9997  1.0000  0.8506  1.0000  0.9994  0.9998  0.0006 9.034e-01
    1340  0.3746  0.5201  0.8698  1.0000  0.9995  1.0000  0.8291  1.0000  0.9994  0.9998  0.0006 9.820e-01
    1345  0.3524  0.5079  0.8621  1.0000  0.9993  1.0000  0.8061  1.0000  0.9994  0.9998  0.0006 1.043e+00
    1350  0.3231  0.4791  0.8618  1.0000  0.9992  1.0000  0.7836  1.0000  0.9994  0.9999  0.0006 1.130e+00
    1355  0.2890  0.4402  0.8691  1.0000  0.9992  1.0000  0.7566  1.0000  0.9994  1.0000  0.0006 1.241e+00
    1360  0.2407  0.3731  0.8847  1.0000  0.9992  1.0000  0.7303  1.0000  0.9994  1.0000  0.0006 1.424e+00
    1365  0.1926  0.3064  0.9051  1.0000  0.9992  1.0000  0.6953  1.0000  0.9994  1.0000  0.0006 1.647e+00
    1370  0.1633  0.2669  0.9258  1.0000  0.9992  1.0000  0.6618  1.0000  0.9994  1.0000  0.0006 1.812e+00
    1375  0.1430  0.2396  0.9441  1.0000  0.9992  1.0000  0.6332  1.0000  0.9994  1.0000  0.0006 1.945e+00
    1380  0.1345  0.2318  0.9593  1.0000  0.9994  1.0000  0.6057  1.0000  0.9994  1.0000  0.0006 2.006e+00
    1385  0.1098  0.1973  0.9711  1.0000  0.9996  1.0000  0.5736  1.0000  0.9994  1.0000  0.0006 2.209e+00
    1390  0.0829  0.1559  0.9799  1.0000  0.9998  1.0000  0.5430  1.0000  0.9994  1.0000  0.0006 2.490e+00
    1395  0.0686  0.1364  0.9861  1.0000  0.9999  1.0000  0.5099  1.0000  0.9994  1.0000  0.0006 2.680e+00
    1400  0.0632  0.1336  0.9899  1.0000  1.0000  1.0000  0.4786  1.0000  0.9994  1.0000  0.0006 2.761e+00
    1405  0.0622  0.1406  0.9919  1.0000  1.0000  1.0000  0.4465  1.0000  0.9994  1.0000  0.0006 2.777e+00
    1410  0.0613  0.1484  0.9925  1.0000  1.0000  1.0000  0.4164  1.0000  0.9994  1.0000  0.0006 2.792e+00
    1415  0.0489  0.1268  0.9925  1.0000  1.0000  1.0000  0.3887  1.0000  0.9994  1.0000  0.0006 3.018e+00
    1420  0.0316  0.0879  0.9918  1.0000  1.0000  1.0000  0.3627  1.0000  0.9994  1.0000  0.0006 3.454e+00
    1425  0.0237  0.0734  0.9903  1.0000  1.0000  1.0000  0.3267  1.0000  0.9994  1.0000  0.0005 3.741e+00
    1430  0.0202  0.0696  0.9878  1.0000  1.0000  1.0000  0.2940  1.0000  0.9994  1.0000  0.0005 3.902e+00
    1435  0.0207  0.0793  0.9824  1.0000  1.0000  1.0000  0.2653  1.0000  0.9994  1.0000  0.0005 3.880e+00
    1440  0.0225  0.0958  0.9803  1.0000  1.0000  1.0000  0.2393  1.0000  0.9994  1.0000  0.0005 3.796e+00
    1445  0.0180  0.0844  0.9784  1.0000  1.0000  1.0000  0.2181  1.0000  0.9994  1.0000  0.0005 4.018e+00
    1450  0.0107  0.0552  0.9766  1.0000  1.0000  1.0000  0.1987  1.0000  0.9994  1.0000  0.0005 4.537e+00
    1455  0.0051  0.0283  0.9752  1.0000  1.0000  1.0000  0.1829  1.0000  0.9994  1.0000  0.0005 5.288e+00
    1460  0.0021  0.0129  0.9726  1.0000  0.9999  1.0000  0.1682  1.0000  0.9995  1.0000  0.0005 6.158e+00
    1465  0.0015  0.0104  0.9699  1.0000  0.9999  1.0000  0.1472  1.0000  0.9995  1.0000  0.0005 6.512e+00
    1470  0.0017  0.0140  0.9686  1.0000  0.9999  1.0000  0.1287  1.0000  0.9995  1.0000  0.0005 6.355e+00
    1475  0.0019  0.0190  0.9681  1.0000  0.9999  1.0000  0.1039  1.0000  0.9995  1.0000  0.0005 6.263e+00
    1480  0.0020  0.0243  0.9676  1.0000  0.9999  1.0000  0.0838  1.0000  0.9995  1.0000  0.0005 6.231e+00
    1485  0.0013  0.0180  0.9650  1.0000  0.9998  1.0000  0.0743  1.0000  0.9995  1.0000  0.0005 6.656e+00
    1490  0.0005  0.0081  0.9623  1.0000  0.9998  1.0000  0.0658  1.0000  0.9995  1.0000  0.0005 7.578e+00
    1495  0.0002  0.0031  0.9608  1.0000  0.9998  1.0000  0.0566  1.0000  0.9995  1.0000  0.0005 8.696e+00
    1500  0.0000  0.0008  0.9592  1.0000  0.9998  1.0000  0.0488  1.0000  0.9995  1.0000  0.0005 1.021e+01
    1505  0.0000  0.0003  0.9586  1.0000  0.9998  1.0000  0.0417  1.0000  0.9995  1.0000  0.0004 1.149e+01
    1510  0.0000  0.0001  0.9580  1.0000  0.9997  1.0000  0.0356  1.0000  0.9995  1.0000  0.0004 1.220e+01
    1515  0.0000  0.0001  0.9539  1.0000  0.9997  1.0000  0.0291  1.0000  0.9995  1.0000  0.0004 1.263e+01
    1520  0.0000  0.0001  0.9479  1.0000  0.9997  1.0000  0.0238  1.0000  0.9995  1.0000  0.0004 1.309e+01
    1525  0.0000  0.0001  0.9394  1.0000  0.9997  1.0000  0.0207  1.0000  0.9995  1.0000  0.0004 1.327e+01
    1530  0.0000  0.0001  0.9307  1.0000  0.9997  1.0000  0.0180  1.0000  0.9995  1.0000  0.0004 1.312e+01
    1535  0.0000  0.0001  0.9183  1.0000  0.9997  1.0000  0.0181  1.0000  0.9995  1.0000  0.0004 1.296e+01
    1540  0.0000  0.0002  0.9084  1.0000  0.9997  1.0000  0.0182  1.0000  0.9995  1.0000  0.0004 1.266e+01
    1545  0.0000  0.0003  0.9071  1.0000  0.9997  1.0000  0.0193  1.0000  0.9995  1.0000  0.0004 1.219e+01
    1550  0.0000  0.0004  0.9082  1.0000  0.9997  1.0000  0.0206  1.0000  0.9995  1.0000  0.0004 1.191e+01
    1555  0.0000  0.0003  0.9111  1.0000  0.9997  1.0000  0.0244  1.0000  0.9995  1.0000  0.0004 1.186e+01
    1560  0.0000  0.0003  0.9197  1.0000  0.9997  1.0000  0.0290  1.0000  0.9995  1.0000  0.0004 1.169e+01
    1565  0.0000  0.0007  0.9246  1.0000  0.9997  1.0000  0.0365  1.0000  0.9995  1.0000  0.0004 1.068e+01
    1570  0.0002  0.0039  0.9293  1.0000  0.9996  1.0000  0.0460  1.0000  0.9995  1.0000  0.0004 8.692e+00
    1575  0.0014  0.0263  0.9330  1.0000  0.9996  1.0000  0.0564  1.0000  0.9995  1.0000  0.0004 6.583e+00
    1580  0.0063  0.0979  0.9351  1.0000  0.9995  1.0000  0.0693  1.0000  0.9995  1.0000  0.0004 5.062e+00
    1585  0.0152  0.1937  0.9374  1.0000  0.9994  1.0000  0.0836  1.0000  0.9995  1.0000  0.0004 4.189e+00
    1590  0.0221  0.2326  0.9391  1.0000  0.9993  1.0000  0.1011  1.0000  0.9995  1.0000  0.0004 3.814e+00
    1595  0.0243  0.2295  0.9382  1.0000  0.9992  1.0000  0.1130  1.0000  0.9995  1.0000  0.0004 3.718e+00
    1600  0.0226  0.1910  0.9371  1.0000  0.9991  1.0000  0.1263  1.0000  0.9995  1.0000  0.0005 3.791e+00
    1605  0.0136  0.1135  0.9371  1.0000  0.9990  1.0000  0.1283  1.0000  0.9995  1.0000  0.0005 4.297e+00
    1610  0.0063  0.0518  0.9368  1.0000  0.9989  1.0000  0.1303  1.0000  0.9995  1.0000  0.0005 5.065e+00
    1615  0.0020  0.0183  0.9382  1.0000  0.9987  1.0000  0.1147  1.0000  0.9995  1.0000  0.0005 6.230e+00
    1620  0.0006  0.0058  0.9397  1.0000  0.9985  1.0000  0.1008  1.0000  0.9995  1.0000  0.0005 7.505e+00
    1625  0.0002  0.0031  0.9424  1.0000  0.9983  1.0000  0.0804  1.0000  0.9995  1.0000  0.0005 8.353e+00
    1630  0.0002  0.0027  0.9453  1.0000  0.9983  1.0000  0.0640  1.0000  0.9995  1.0000  0.0005 8.731e+00
    1635  0.0001  0.0018  0.9478  1.0000  0.9985  1.0000  0.0561  1.0000  0.9995  1.0000  0.0005 9.261e+00
    1640  0.0001  0.0013  0.9504  1.0000  0.9987  1.0000  0.0492  1.0000  0.9995  1.0000  0.0005 9.683e+00
    1645  0.0000  0.0005  0.9541  1.0000  0.9990  1.0000  0.0439  1.0000  0.9995  1.0000  0.0005 1.078e+01
    1650  0.0000  0.0004  0.9579  1.0000  0.9992  1.0000  0.0391  1.0000  0.9995  1.0000  0.0005 1.112e+01
    1655  0.0000  0.0006  0.9613  1.0000  0.9994  1.0000  0.0336  1.0000  0.9995  1.0000  0.0005 1.082e+01
    1660  0.0000  0.0009  0.9654  1.0000  0.9995  1.0000  0.0288  1.0000  0.9995  1.0000  0.0005 1.055e+01
    1665  0.0000  0.0010  0.9691  1.0000  0.9996  1.0000  0.0262  1.0000  0.9995  1.0000  0.0005 1.062e+01
    1670  0.0000  0.0006  0.9732  1.0000  0.9997  1.0000  0.0239  1.0000  0.9995  1.0000  0.0005 1.119e+01
    1675  0.0000  0.0004  0.9769  1.0000  0.9997  1.0000  0.0239  1.0000  0.9995  0.9999  0.0005 1.164e+01
    1680  0.0000  0.0002  0.9803  0.9999  0.9997  1.0000  0.0240  1.0000  0.9995  0.9999  0.0005 1.226e+01
    1685  0.0000  0.0001  0.9843  0.9999  0.9997  1.0000  0.0273  1.0000  0.9995  0.9998  0.0005 1.275e+01
    1690  0.0000  0.0001  0.9850  0.9999  0.9997  1.0000  0.0311  1.0000  0.9995  0.9998  0.0004 1.267e+01
    1695  0.0000  0.0001  0.9859  0.9998  0.9997  1.0000  0.0337  1.0000  0.9995  0.9997  0.0004 1.263e+01
    1700  0.0000  0.0001  0.9866  0.9997  0.9996  1.0000  0.0365  1.0000  0.9995  0.9997  0.0004 1.248e+01
    1705  0.0000  0.0003  0.9874  0.9996  0.9996  1.0000  0.0384  1.0000  0.9995  0.9997  0.0004 1.148e+01
    1710  0.0001  0.0013  0.9884  0.9996  0.9996  1.0000  0.0404  1.0000  0.9995  0.9998  0.0004 9.844e+00
    1715  0.0002  0.0037  0.9892  0.9996  0.9996  1.0000  0.0477  1.0000  0.9995  0.9997  0.0004 8.662e+00
    1720  0.0004  0.0078  0.9911  0.9995  0.9996  1.0000  0.0563  1.0000  0.9995  0.9997  0.0004 7.737e+00
    1725  0.0008  0.0111  0.9930  0.9995  0.9996  1.0000  0.0697  1.0000  0.9995  0.9997  0.0004 7.176e+00
    1730  0.0006  0.0066  0.9962  0.9995  0.9996  1.0000  0.0863  1.0000  0.9996  0.9998  0.0004 7.473e+00
    1735  0.0003  0.0030  0.9980  0.9994  0.9996  1.0000  0.1015  1.0000  0.9996  0.9999  0.0004 8.106e+00
    1740  0.0002  0.0019  0.9988  0.9994  0.9995  1.0000  0.1194  1.0000  0.9996  1.0000  0.0004 8.390e+00
    1745  0.0003  0.0019  0.9992  0.9996  0.9996  1.0000  0.1358  1.0000  0.9996  1.0000  0.0004 8.259e+00
    1750  0.0007  0.0048  0.9994  0.9997  0.9996  1.0000  0.1545  1.0000  0.9996  1.0000  0.0003 7.207e+00
    1755  0.0019  0.0114  0.9996  0.9998  0.9996  1.0000  0.1703  1.0000  0.9996  1.0000  0.0003 6.248e+00
    1760  0.0029  0.0152  0.9997  0.9999  0.9996  1.0000  0.1877  1.0000  0.9996  1.0000  0.0003 5.860e+00
    1765  0.0039  0.0181  0.9998  0.9999  0.9996  1.0000  0.2134  1.0000  0.9996  1.0000  0.0003 5.558e+00
    1770  0.0047  0.0193  0.9999  0.9999  0.9997  1.0000  0.2428  1.0000  0.9996  1.0000  0.0003 5.364e+00
    1775  0.0063  0.0232  0.9999  0.9999  0.9997  1.0000  0.2705  1.0000  0.9996  1.0000  0.0003 5.070e+00
    1780  0.0093  0.0307  1.0000  0.9999  0.9997  1.0000  0.3017  1.0000  0.9996  1.0000  0.0003 4.682e+00
    1785  0.0121  0.0370  1.0000  0.9999  0.9997  1.0000  0.3280  1.0000  0.9996  1.0000  0.0003 4.414e+00
    1790  0.0152  0.0427  1.0000  0.9999  0.9997  1.0000  0.3567  1.0000  0.9996  1.0000  0.0003 4.185e+00
    1795  0.0182  0.0479  1.0000  0.9999  0.9997  1.0000  0.3802  1.0000  0.9996  1.0000  0.0003 4.007e+00
    1800  0.0311  0.0768  1.0000  0.9999  0.9997  1.0000  0.4054  1.0000  0.9996  1.0000  0.0003 3.470e+00
    1805  0.0620  0.1425  1.0000  0.9999  0.9997  1.0000  0.4355  1.0000  0.9997  1.0000  0.0003 2.780e+00
    1810  0.0944  0.2018  1.0000  0.9999  0.9997  1.0000  0.4681  1.0000  0.9997  1.0000  0.0003 2.361e+00
    1815  0.1208  0.2489  1.0000  0.9998  0.9997  1.0000  0.4856  1.0000  0.9997  1.0000  0.0002 2.114e+00
    1820  0.1222  0.2426  0.9999  0.9998  0.9997  1.0000  0.5039  1.0000  0.9997  1.0000  0.0002 2.102e+00
    1825  0.1000  0.1869  0.9999  0.9999  0.9997  1.0000  0.5354  1.0000  0.9997  1.0000  0.0002 2.303e+00
    1830  0.0805  0.1417  0.9998  0.9999  0.9996  1.0000  0.5690  1.0000  0.9997  1.0000  0.0002 2.519e+00
    1835  0.0766  0.1310  0.9996  0.9999  0.9996  1.0000  0.5856  1.0000  0.9997  1.0000  0.0002 2.569e+00
    1840  0.0966  0.1605  0.9993  0.9999  0.9995  1.0000  0.6028  1.0000  0.9997  1.0000  0.0002 2.337e+00
    1845  0.1420  0.2320  0.9987  0.9999  0.9995  1.0000  0.6133  1.0000  0.9997  1.0000  0.0002 1.952e+00
    1850  0.2037  0.3272  0.9981  0.9999  0.9995  1.0000  0.6241  1.0000  0.9997  1.0000  0.0002 1.591e+00
    1855  0.2410  0.3743  0.9973  0.9999  0.9995  1.0000  0.6463  1.0000  0.9997  1.0000  0.0002 1.423e+00
    1860  0.2619  0.3930  0.9966  1.0000  0.9996  1.0000  0.6693  1.0000  0.9997  1.0000  0.0002 1.340e+00
    1865  0.2799  0.4100  0.9957  1.0000  0.9996  1.0000  0.6862  1.0000  0.9997  1.0000  0.0002 1.273e+00
    1870  0.2978  0.4256  0.9948  1.0000  0.9996  1.0000  0.7037  1.0000  0.9997  1.0000  0.0002 1.211e+00
    1875  0.3379  0.4651  0.9935  1.0000  0.9997  1.0000  0.7318  1.0000  0.9997  1.0000  0.0002 1.085e+00
    1880  0.3661  0.4854  0.9917  1.0000  0.9997  1.0000  0.7612  1.0000  0.9997  1.0000  0.0002 1.005e+00
    1885  0.3735  0.4902  0.9891  1.0000  0.9996  1.0000  0.7709  1.0000  0.9997  1.0000  0.0002 9.848e-01
    1890  0.3735  0.4858  0.9853  1.0000  0.9996  1.0000  0.7809  1.0000  0.9997  1.0000  0.0002 9.848e-01
    1895  0.3726  0.4784  0.9800  1.0000  0.9995  1.0000  0.7954  1.0000  0.9997  1.0000  0.0002 9.872e-01
    1900  0.3850  0.4886  0.9734  1.0000  0.9995  1.0000  0.8102  1.0000  0.9997  1.0000  0.0002 9.546e-01
    1905  0.3660  0.4609  0.9662  1.0000  0.9994  1.0000  0.8226  1.0000  0.9997  1.0000  0.0002 1.005e+00
    1910  0.3467  0.4324  0.9610  1.0000  0.9995  1.0000  0.8352  1.0000  0.9997  1.0000  0.0002 1.059e+00
    1915  0.3526  0.4363  0.9590  1.0000  0.9995  1.0000  0.8432  1.0000  0.9997  1.0000  0.0002 1.043e+00
    1920  0.3810  0.4667  0.9597  1.0000  0.9996  1.0000  0.8512  1.0000  0.9997  1.0000  0.0002 9.651e-01
    1925  0.4588  0.5529  0.9648  1.0000  0.9997  1.0000  0.8607  1.0000  0.9997  1.0000  0.0002 7.792e-01
    1930  0.5182  0.6133  0.9715  1.0000  0.9997  1.0000  0.8703  1.0000  0.9997  1.0000  0.0002 6.573e-01
    1935  0.5428  0.6329  0.9786  1.0000  0.9998  1.0000  0.8769  1.0000  0.9997  1.0000  0.0002 6.110e-01
    1940  0.5424  0.6230  0.9857  1.0000  0.9999  1.0000  0.8837  1.0000  0.9997  1.0000  0.0002 6.118e-01
    1945  0.5418  0.6121  0.9899  1.0000  0.9999  1.0000  0.8946  1.0000  0.9997  1.0000  0.0002 6.128e-01
    1950  0.5637  0.6277  0.9918  1.0000  0.9999  1.0000  0.9058  1.0000  0.9997  1.0000  0.0002 5.733e-01
    1955  0.5907  0.6507  0.9924  1.0000  1.0000  1.0000  0.9150  1.0000  0.9997  1.0000  0.0002 5.264e-01
    1960  0.6378  0.6955  0.9923  1.0000  1.0000  1.0000  0.9244  1.0000  0.9997  1.0000  0.0002 4.497e-01
    1965  0.6819  0.7394  0.9927  1.0000  1.0000  1.0000  0.9293  1.0000  0.9997  1.0000  0.0002 3.829e-01
    1970  0.7247  0.7807  0.9939  1.0000  1.0000  1.0000  0.9342  1.0000  0.9997  1.0000  0.0002 3.220e-01
    1975  0.7533  0.8041  0.9955  1.0000  1.0000  1.0000  0.9414  1.0000  0.9997  1.0000  0.0002 2.833e-01
    1980  0.7597  0.8035  0.9969  1.0000  1.0000  1.0000  0.9487  1.0000  0.9997  1.0000  0.0002 2.748e-01
    1985  0.7439  0.7833  0.9979  1.0000  1.0000  1.0000  0.9522  1.0000  0.9997  1.0000  0.0002 2.958e-01
    1990  0.7205  0.7556  0.9983  1.0000  1.0000  1.0000  0.9556  1.0000  0.9997  1.0000  0.0002 3.278e-01
    1995  0.7258  0.7583  0.9982  0.9999  1.0000  1.0000  0.9593  1.0000  0.9997  1.0000  0.0002 3.205e-01
    2000  0.7466  0.7774  0.9976  0.9999  1.0000  1.0000  0.9630  1.0000  0.9997  1.0000  0.0002 2.922e-01
 -9999.0
