
1		    ***** LOWTRAN 7 *****
0 CARD 1  *****    2    1    0    0    0    0    0    0    0    0    0    1    0   0.000   0.80
0 CARD 2  *****    0    1    1    0    0    0     0.000     0.000     0.000     0.000     0.000
0 CARD 3  *****     2.000     0.000     0.000     1.000     0.000  6371.000    0
0 CARD 4  *****  2000.000  3330.000     5.000
0 PROGRAM WILL COMPUTE TRANSMITTANCE           
0 ATMOSPHERIC MODEL
	  TEMPERATURE =    2     MIDLATITUDE SUMMER  
	  WATER VAPOR =    2     MIDLATITUDE SUMMER  
	  OZONE       =    2     MIDLATITUDE SUMMER  
		       M4 =     2 M5 =     2 M6 =     2 MDEF =     1
0 HORIZONTAL PATH
	  ALTITUDE =      2.000 KM
	  RANGE    =      1.000 KM
0 FREQUENCY RANGE 
	   V1 =       2000.0 CM-1  (      5.00 MICROMETERS)
	   V2 =       3330.0 CM-1  (      3.00 MICROMETERS)
	   DV =          5.0 CM-1
1
  ATMOSPHERIC PROFILES

   I     Z       P       T	  N2       CNTMSLF MOL SCAT      N-1     O3 (UV)   O2 (UV)
        (KM)    (KM)    (K)	      (MOL/CM2 KM)   (-)	 (-)  (ATM CM/KM) (ATM CM/KM)
   1     0.00 1013.000  294.2  6.984e-01  8.814e+20 9.282e-01 2.662e-04 2.799e-03 3.432e+04
   2     1.00  902.000  289.7  5.666e-01  3.889e+20 8.393e-01 2.409e-04 2.799e-03 2.974e+04
   3     2.00  802.000  285.2  4.586e-01  1.565e+20 7.581e-01 2.178e-04 2.798e-03 2.580e+04
   4     3.00  710.000  279.2  3.711e-01  4.892e+19 6.855e-01 1.970e-04 2.892e-03 2.246e+04
   5     4.00  628.000  273.2  2.999e-01  1.623e+19 6.197e-01 1.782e-04 2.985e-03 1.960e+04
   6     5.00  554.000  267.2  2.413e-01  4.496e+18 5.589e-01 1.607e-04 3.079e-03 1.709e+04
   7     6.00  487.000  261.2  1.929e-01  1.674e+18 5.026e-01 1.446e-04 3.219e-03 1.488e+04
   8     7.00  426.000  254.7  1.533e-01  6.148e+17 4.509e-01 1.297e-04 3.498e-03 1.294e+04
   9     8.00  372.000  248.2  1.215e-01  1.983e+17 4.040e-01 1.162e-04 3.685e-03 1.127e+04
  10     9.00  324.000  241.7  9.594e-02  6.472e+16 3.614e-01 1.040e-04 4.012e-03 9.811e+03
  11    10.00  281.000  235.3  7.513e-02  1.841e+16 3.219e-01 9.262e-05 4.195e-03 8.521e+03
  12    11.00  243.000  228.8  5.859e-02  2.176e+15 2.863e-01 8.237e-05 5.130e-03 7.401e+03
  13    12.00  209.000  222.3  4.526e-02  1.618e+14 2.534e-01 7.292e-05 5.648e-03 6.407e+03
  14    13.00  179.000  215.8  3.471e-02  9.302e+12 2.236e-01 6.433e-05 6.704e-03 5.537e+03
  15    14.00  153.000  215.7  2.538e-02  2.657e+12 1.912e-01 5.501e-05 8.408e-03 4.628e+03
  16    15.00  130.000  215.7  1.832e-02  8.870e+11 1.625e-01 4.674e-05 8.118e-03 3.851e+03
  17    16.00  111.000  215.7  1.336e-02  6.092e+11 1.387e-01 3.991e-05 8.318e-03 3.231e+03
  18    17.00   95.000  215.7  9.783e-03  4.196e+11 1.187e-01 3.416e-05 8.305e-03 2.724e+03
  19    18.00   81.200  216.8  7.093e-03  2.940e+11 1.010e-01 2.905e-05 1.009e-02 2.286e+03
  20    19.00   69.500  217.9  5.157e-03  2.201e+11 8.598e-02 2.474e-05 1.289e-02 1.924e+03
  21    20.00   59.500  219.2  3.746e-03  1.695e+11 7.317e-02 2.105e-05 1.463e-02 1.621e+03
  22    21.00   51.000  220.4  2.730e-03  1.346e+11 6.238e-02 1.795e-05 1.496e-02 1.370e+03
  23    22.00   43.700  221.6  1.988e-03  1.065e+11 5.316e-02 1.529e-05 1.541e-02 1.159e+03
  24    23.00   37.600  222.8  1.460e-03  8.918e+10 4.549e-02 1.309e-05 1.546e-02 9.861e+02
  25    24.00   32.200  223.9  1.063e-03  6.991e+10 3.877e-02 1.115e-05 1.550e-02 8.358e+02
  26    25.00   27.700  225.1  7.802e-04  5.643e+10 3.317e-02 9.544e-06 1.591e-02 7.119e+02
  27    30.00   13.200  233.7  1.675e-04  1.489e+10 1.523e-02 4.381e-06 1.065e-02 3.220e+02
  28    35.00    6.520  245.2  3.802e-05  3.660e+09 7.168e-03 2.062e-06 6.375e-03 1.506e+02
  29    40.00    3.330  257.5  9.216e-06  9.189e+08 3.486e-03 1.003e-06 2.630e-03 7.302e+01
  30    45.00    1.760  269.9  2.399e-06  2.668e+08 1.758e-03 5.057e-07 7.905e-04 3.677e+01
  31    50.00    0.951  275.7  6.785e-07  7.603e+07 9.299e-04 2.675e-07 2.602e-04 1.944e+01
  32    70.00    0.067  218.1  4.786e-09  2.729e+05 8.281e-05 2.383e-08 3.310e-06 1.730e+00
  33   100.00    0.000  190.5  8.694e-14  6.200e-02 3.651e-07 1.050e-10 1.459e-08 5.838e-03
1
  ATMOSPHERIC PROFILES

   I      Z       P       T     CNTMFRN      HNO3   AEROSOL 1 AEROSOL 2 AEROSOL 3 AEROSOL 4  AER1*RH  CIRRUS        RH
         (KM)    (MB)    (K)   MOL/CM2 KM  ATM CM/KM    (-)       (-)       (-)       (-)       (-)       (-)     (PERCNT)
   1     0.00 1013.000  294.2  4.614e+22  4.641e-06 0.000e+00 0.000e+00 0.000e+00 0.000e+00  0.000e+00 0.000e+00 7.611e+01
   2     1.00  902.000  289.7  2.785e+22  5.003e-06 0.000e+00 0.000e+00 0.000e+00 0.000e+00  0.000e+00 0.000e+00 6.597e+01
   3     2.00  802.000  285.2  1.603e+22  5.253e-06 0.000e+00 0.000e+00 0.000e+00 0.000e+00  0.000e+00 0.000e+00 5.515e+01
   4     3.00  710.000  279.2  8.132e+21  5.423e-06 0.000e+00 0.000e+00 0.000e+00 0.000e+00  0.000e+00 0.000e+00 4.526e+01
   5     4.00  628.000  273.2  4.243e+21  5.497e-06 0.000e+00 0.000e+00 0.000e+00 0.000e+00  0.000e+00 0.000e+00 3.902e+01
   6     5.00  554.000  267.2  2.018e+21  5.450e-06 0.000e+00 0.000e+00 0.000e+00 0.000e+00  0.000e+00 0.000e+00 3.139e+01
   7     6.00  487.000  261.2  1.108e+21  5.579e-06 0.000e+00 0.000e+00 0.000e+00 0.000e+00  0.000e+00 0.000e+00 2.996e+01
   8     7.00  426.000  254.7  6.026e+20  5.681e-06 0.000e+00 0.000e+00 0.000e+00 0.000e+00  0.000e+00 0.000e+00 3.029e+01
   9     8.00  372.000  248.2  3.068e+20  5.616e-06 0.000e+00 0.000e+00 0.000e+00 0.000e+00  0.000e+00 0.000e+00 2.961e+01
  10     9.00  324.000  241.7  1.568e+20  5.529e-06 0.000e+00 0.000e+00 0.000e+00 0.000e+00  0.000e+00 0.000e+00 3.013e+01
  11    10.00  281.000  235.3  7.452e+19  5.602e-06 0.000e+00 0.000e+00 0.000e+00 0.000e+00  0.000e+00 0.000e+00 2.942e+01
  12    11.00  243.000  228.8  2.279e+19  5.783e-06 0.000e+00 0.000e+00 0.000e+00 0.000e+00  0.000e+00 0.000e+00 1.946e+01
  13    12.00  209.000  222.3  5.502e+18  6.108e-06 0.000e+00 0.000e+00 0.000e+00 0.000e+00  0.000e+00 0.000e+00 1.069e+01
  14    13.00  179.000  215.8  1.164e+18  6.172e-06 0.000e+00 0.000e+00 0.000e+00 0.000e+00  0.000e+00 0.000e+00 5.418e+00
  15    14.00  153.000  215.7  5.319e+17  6.368e-06 0.000e+00 0.000e+00 0.000e+00 0.000e+00  0.000e+00 0.000e+00 2.931e+00
  16    15.00  130.000  215.7  2.611e+17  7.344e-06 0.000e+00 0.000e+00 0.000e+00 0.000e+00  0.000e+00 0.000e+00 1.693e+00
  17    16.00  111.000  215.7  1.848e+17  1.022e-05 0.000e+00 0.000e+00 0.000e+00 0.000e+00  0.000e+00 0.000e+00 1.403e+00
  18    17.00   95.000  215.7  1.312e+17  1.555e-05 0.000e+00 0.000e+00 0.000e+00 0.000e+00  0.000e+00 0.000e+00 1.165e+00
  19    18.00   81.200  216.8  9.342e+16  2.130e-05 0.000e+00 0.000e+00 0.000e+00 0.000e+00  0.000e+00 0.000e+00 8.556e-01
  20    19.00   69.500  217.9  6.883e+16  2.726e-05 0.000e+00 0.000e+00 0.000e+00 0.000e+00  0.000e+00 0.000e+00 6.505e-01
  21    20.00   59.500  219.2  5.141e+16  3.073e-05 0.000e+00 0.000e+00 0.000e+00 0.000e+00  0.000e+00 0.000e+00 4.911e-01
  22    21.00   51.000  220.4  3.906e+16  3.082e-05 0.000e+00 0.000e+00 0.000e+00 0.000e+00  0.000e+00 0.000e+00 3.816e-01
  23    22.00   43.700  221.6  2.960e+16  2.903e-05 0.000e+00 0.000e+00 0.000e+00 0.000e+00  0.000e+00 0.000e+00 2.964e-01
  24    23.00   37.600  222.8  2.318e+16  2.611e-05 0.000e+00 0.000e+00 0.000e+00 0.000e+00  0.000e+00 0.000e+00 2.373e-01
  25    24.00   32.200  223.9  1.749e+16  2.264e-05 0.000e+00 0.000e+00 0.000e+00 0.000e+00  0.000e+00 0.000e+00 1.861e-01
  26    25.00   27.700  225.1  1.345e+16  1.861e-05 0.000e+00 0.000e+00 0.000e+00 0.000e+00  0.000e+00 0.000e+00 1.468e-01
  27    30.00   13.200  233.7  3.170e+15  5.695e-06 0.000e+00 0.000e+00 0.000e+00 0.000e+00  0.000e+00 0.000e+00 3.096e-02
  28    35.00    6.520  245.2  7.399e+14  1.176e-06 0.000e+00 0.000e+00 0.000e+00 0.000e+00  0.000e+00 0.000e+00 5.227e-03
  29    40.00    3.330  257.5  1.803e+14  1.858e-07 0.000e+00 0.000e+00 0.000e+00 0.000e+00  0.000e+00 0.000e+00 9.357e-04
  30    45.00    1.760  269.9  4.900e+13  2.127e-08 0.000e+00 0.000e+00 0.000e+00 0.000e+00  0.000e+00 0.000e+00 1.993e-04
  31    50.00    0.951  275.7  1.384e+13  5.161e-09 0.000e+00 0.000e+00 0.000e+00 0.000e+00  0.000e+00 0.000e+00 7.121e-05
  32    70.00    0.067  218.1  7.382e+10  2.708e-10 0.000e+00 0.000e+00 0.000e+00 0.000e+00  0.000e+00 0.000e+00 7.078e-04
  33   100.00    0.000  190.5  1.551e+05  9.967e-13 0.000e+00 0.000e+00 0.000e+00 0.000e+00  0.000e+00 0.000e+00 1.460e-05
1
  ATMOSPHERIC PROFILES

  (IF A MOLECULE HAS MORE THAN ONE BAND, THEN THE DATA FOR THE FIRST BAND ARE SHOWN.)

   I      Z       P       T      H2O      O3       CO2      CO       CH4      N2O      O2       NH3      NO       NO2      SO2
         (KM)    (MB)    (K) G/CM**2/KM  (                      ATM CM/KM                                                     )
   1     0.00 1013.000  294.2  1.36e+00 2.52e-03 3.62e+01 1.32e-02 1.63e-01 2.77e-02 1.55e+04 4.96e-05 2.88e-05 2.14e-06 2.54e-05
   2     1.00  902.000  289.7  8.13e-01 2.46e-03 2.92e+01 1.07e-02 1.35e-01 2.43e-02 1.28e+04 4.03e-05 2.43e-05 1.85e-06 2.07e-05
   3     2.00  802.000  285.2  4.62e-01 2.39e-03 2.36e+01 8.61e-03 1.11e-01 2.13e-02 1.05e+04 3.02e-05 2.05e-05 1.59e-06 1.58e-05
   4     3.00  710.000  279.2  2.31e-01 2.42e-03 1.87e+01 6.95e-03 9.12e-02 1.88e-02 8.79e+03 2.00e-05 1.72e-05 1.37e-06 1.14e-05
   5     4.00  628.000  273.2  1.19e-01 2.44e-03 1.48e+01 5.65e-03 7.47e-02 1.65e-02 7.33e+03 1.22e-05 1.44e-05 1.18e-06 7.85e-06
   6     5.00  554.000  267.2  5.56e-02 2.46e-03 1.17e+01 4.67e-03 6.07e-02 1.45e-02 6.08e+03 6.88e-06 1.21e-05 1.01e-06 5.67e-06
   7     6.00  487.000  261.2  3.02e-02 2.52e-03 9.17e+00 3.83e-03 4.89e-02 1.27e-02 5.02e+03 3.91e-06 1.00e-05 8.62e-07 4.15e-06
   8     7.00  426.000  254.7  1.62e-02 2.68e-03 7.10e+00 3.06e-03 3.89e-02 1.11e-02 4.14e+03 2.08e-06 8.29e-06 7.33e-07 3.16e-06
   9     8.00  372.000  248.2  8.10e-03 2.76e-03 5.48e+00 2.39e-03 3.09e-02 9.66e-03 3.41e+03 1.07e-06 6.83e-06 6.21e-07 2.44e-06
  10     9.00  324.000  241.7  4.08e-03 2.95e-03 4.21e+00 1.81e-03 2.46e-02 8.32e-03 2.80e+03 4.88e-07 5.61e-06 5.30e-07 1.97e-06
  11    10.00  281.000  235.3  1.91e-03 3.01e-03 3.21e+00 1.34e-03 1.91e-02 7.05e-03 2.28e+03 2.04e-07 4.58e-06 4.57e-07 1.61e-06
  12    11.00  243.000  228.8  5.74e-04 3.60e-03 2.43e+00 9.81e-04 1.48e-02 5.89e-03 1.86e+03 8.44e-08 3.72e-06 4.22e-07 1.35e-06
  13    12.00  209.000  222.3  1.36e-04 3.88e-03 1.82e+00 6.89e-04 1.14e-02 4.97e-03 1.50e+03 3.73e-08 3.00e-06 4.22e-07 1.15e-06
  14    13.00  179.000  215.8  2.84e-05 4.49e-03 1.36e+00 4.50e-04 8.69e-03 4.14e-03 1.20e+03 1.40e-08 2.40e-06 4.94e-07 1.00e-06
  15    14.00  153.000  215.7  1.30e-05 5.28e-03 1.04e+00 2.69e-04 6.51e-03 3.27e-03 8.53e+02 3.75e-09 1.86e-06 6.68e-07 8.26e-07
  16    15.00  130.000  215.7  6.40e-06 4.76e-03 7.94e-01 1.59e-04 4.83e-03 2.54e-03 5.97e+02 1.13e-09 1.39e-06 1.22e-06 6.82e-07
  17    16.00  111.000  215.7  4.54e-06 4.56e-03 6.10e-01 9.35e-05 3.60e-03 1.96e-03 4.23e+02 4.00e-10 1.04e-06 1.82e-06 5.56e-07
  18    17.00   95.000  215.7  3.24e-06 4.27e-03 4.70e-01 5.77e-05 2.69e-03 1.46e-03 3.01e+02 1.58e-10 7.70e-07 2.38e-06 4.25e-07
  19    18.00   81.200  216.8  2.32e-06 4.82e-03 3.64e-01 3.43e-05 2.00e-03 1.05e-03 2.09e+02 7.23e-11 5.75e-07 2.83e-06 3.05e-07
  20    19.00   69.500  217.9  1.72e-06 5.73e-03 2.82e-01 2.04e-05 1.48e-03 7.11e-04 1.46e+02 3.23e-11 4.60e-07 3.12e-06 2.05e-07
  21    20.00   59.500  219.2  1.29e-06 6.04e-03 2.20e-01 1.32e-05 1.08e-03 4.94e-04 1.01e+02 1.48e-11 3.78e-07 3.27e-06 1.33e-07
  22    21.00   51.000  220.4  9.89e-07 5.75e-03 1.71e-01 9.22e-06 7.78e-04 3.26e-04 7.08e+01 8.95e-12 3.24e-07 3.32e-06 8.99e-08
  23    22.00   43.700  221.6  7.54e-07 5.50e-03 1.33e-01 6.96e-06 5.50e-04 2.26e-04 4.94e+01 6.06e-12 2.82e-07 3.27e-06 6.21e-08
  24    23.00   37.600  222.8  5.95e-07 5.15e-03 1.04e-01 5.62e-06 3.87e-04 1.64e-04 3.48e+01 4.27e-12 2.63e-07 3.15e-06 4.59e-08
  25    24.00   32.200  223.9  4.51e-07 4.80e-03 8.08e-02 4.54e-06 2.67e-04 1.22e-04 2.43e+01 2.93e-12 2.59e-07 3.00e-06 3.41e-08
  26    25.00   27.700  225.1  3.49e-07 4.59e-03 6.33e-02 3.75e-06 1.85e-04 9.13e-05 1.71e+01 1.90e-12 3.12e-07 2.95e-06 2.55e-08
  27    30.00   13.200  233.7  8.56e-08 2.14e-03 1.92e-02 1.25e-06 4.06e-05 2.28e-05 2.91e+00 2.58e-13 3.52e-07 1.67e-06 6.89e-09
  28    35.00    6.520  245.2  2.09e-08 8.90e-04 6.29e-03 4.17e-07 9.35e-06 4.34e-06 5.15e-01 2.06e-14 3.41e-07 7.04e-07 2.15e-09
  29    40.00    3.330  257.5  5.33e-09 2.59e-04 2.18e-03 1.40e-07 2.25e-06 7.35e-07 9.74e-02 9.88e-16 1.87e-07 1.46e-07 9.47e-10
  30    45.00    1.760  269.9  1.51e-09 5.57e-05 7.96e-04 4.71e-08 5.37e-07 1.23e-07 2.00e-02 3.16e-17 7.20e-08 1.63e-08 5.77e-10
  31    50.00    0.951  275.7  4.39e-10 1.37e-05 2.92e-04 1.70e-08 1.25e-07 2.12e-08 4.78e-03 2.49e-18 2.45e-08 2.61e-09 4.20e-10
  32    70.00    0.067  218.1  2.11e-12 7.95e-08 2.59e-06 7.66e-10 1.17e-09 2.08e-10 3.66e-05 7.68e-21 5.39e-10 4.19e-11 2.78e-11
  33   100.00    0.000  190.5  4.49e-18 4.10e-11 1.20e-10 4.67e-12 7.38e-14 4.66e-14 2.50e-10 1.99e-25 2.16e-11 1.50e-14 2.33e-16
0HORIZONTAL PATH ALTITUDE =      2.000 KM WITH RANGE = =      1.000 KMMODEL =   2



 EQUIVALENT SEA LEVEL TOTAL ABSORBER AMOUNTS

		 HN03	   03 UV     CNTMSLF1    CNTMSLF2   CNTMFRN
		(ATM CM)  (ATM CM)  (MOL CM-2)   (MOL CM-2)    (MOL CM-2)  (MOL CM-2)

	     5.253e-06   2.798e-03   1.565e+20   4.696e+19   1.603e+22


	     N2 CONT    MOL SCAT	AER 1	    AER 2	AER 3       AER 4	CIRRUS	  MEAN RH
												  (PRCNT)

	    4.586e-01   7.581e-01   0.000e+00   0.000e+00   0.000e+00   0.000e+00   0.000e+00        0.00


		 H2O	    O3		CO2	    CO  	CH4	    N2O  	 O2
		(G/CM**2)     (				ATM CM				 )

	    4.619e-01   2.389e-03   2.356e+01   8.614e-03   1.110e-01   2.131e-02   1.055e+04
		 NH3	    NO		NO2	   SO2
		 (		 ATM CM  		)

	    3.024e-05   2.051e-05   1.592e-06   1.583e-05
1
   FREQ WAVELENGTH  TOTAL     H2O     CO2+     OZONE    TRACE  N2 CONT  H2O CONT MOL SCAT  AER-HYD  HNO3    AER-HYD  INTEGRATED

   1/CM  MICRONS    TRANS    TRANS    TRANS    TRANS    TRANS   TRANS    TRANS    TRANS     TRANS   TRANS    ABS     ABSORPTION
    2000   5.000   0.4954   0.5700   0.9979   0.9999   1.0000   1.0000   0.8710   1.0000   1.0000   1.0000   0.0000       1.262
    2005   4.988   0.5261   0.6006   0.9970   0.9999   1.0000   1.0000   0.8786   1.0000   1.0000   1.0000   0.0000       3.631
    2010   4.975   0.5397   0.6115   0.9959   0.9999   1.0000   1.0000   0.8863   1.0000   1.0000   1.0000   0.0000       5.933
    2015   4.963   0.5441   0.6119   0.9944   0.9999   1.0000   1.0000   0.8944   1.0000   1.0000   1.0000   0.0000       8.212
    2020   4.950   0.5643   0.6302   0.9924   0.9999   1.0000   1.0000   0.9025   1.0000   1.0000   1.0000   0.0000      10.391
    2025   4.938   0.6001   0.6649   0.9893   0.9998   1.0000   1.0000   0.9124   1.0000   1.0000   1.0000   0.0000      12.390
    2030   4.926   0.6396   0.7042   0.9847   0.9998   1.0000   1.0000   0.9224   1.0000   1.0000   1.0000   0.0000      14.192
    2035   4.914   0.6637   0.7325   0.9774   0.9998   1.0000   1.0000   0.9272   1.0000   1.0000   1.0000   0.0000      15.874
    2040   4.902   0.6761   0.7505   0.9669   0.9997   1.0000   1.0000   0.9319   1.0000   1.0000   1.0000   0.0000      17.494
    2045   4.890   0.6880   0.7695   0.9531   0.9997   1.0000   1.0000   0.9384   1.0000   1.0000   1.0000   0.0000      19.054
    2050   4.878   0.6947   0.7852   0.9367   0.9996   1.0000   1.0000   0.9449   1.0000   1.0000   1.0000   0.0000      20.580
    2055   4.866   0.6930   0.7926   0.9216   0.9995   1.0000   1.0000   0.9493   1.0000   1.0000   1.0000   0.0000      22.115
    2060   4.854   0.6780   0.7823   0.9095   0.9992   1.0000   1.0000   0.9537   1.0000   1.0000   1.0000   0.0000      23.725
    2065   4.843   0.6662   0.7737   0.9012   0.9988   1.0000   1.0000   0.9567   1.0000   1.0000   1.0000   0.0000      25.394
    2070   4.831   0.6752   0.7824   0.9008   0.9983   1.0000   1.0000   0.9598   1.0000   1.0000   1.0000   0.0000      27.018
    2075   4.819   0.6842   0.7860   0.9064   0.9977   1.0000   1.0000   0.9627   1.0000   1.0000   1.0000   0.0000      28.597
    2080   4.808   0.7093   0.8033   0.9172   0.9970   1.0000   0.9999   0.9656   1.0000   1.0000   1.0000   0.0000      30.051
    2085   4.796   0.7311   0.8145   0.9316   0.9963   1.0000   0.9998   0.9674   1.0000   1.0000   1.0000   0.0000      31.395
    2090   4.785   0.7392   0.8141   0.9414   0.9955   1.0000   0.9998   0.9691   1.0000   1.0000   1.0000   0.0000      32.699
    2095   4.773   0.7620   0.8330   0.9465   0.9950   1.0000   0.9997   0.9716   1.0000   1.0000   1.0000   0.0000      33.889
    2100   4.762   0.7776   0.8460   0.9490   0.9948   1.0000   0.9996   0.9741   1.0000   1.0000   1.0000   0.0000      35.001
    2105   4.751   0.7901   0.8584   0.9490   0.9947   1.0000   0.9995   0.9755   1.0000   1.0000   1.0000   0.0000      36.050
    2110   4.739   0.8017   0.8697   0.9492   0.9946   1.0000   0.9994   0.9770   1.0000   1.0000   1.0000   0.0000      37.042
    2115   4.728   0.8076   0.8744   0.9502   0.9944   1.0000   0.9992   0.9782   1.0000   1.0000   1.0000   0.0000      38.004
    2120   4.717   0.8165   0.8805   0.9529   0.9946   1.0000   0.9990   0.9795   1.0000   1.0000   1.0000   0.0000      38.921
    2125   4.706   0.8192   0.8821   0.9524   0.9957   1.0000   0.9987   0.9805   1.0000   1.0000   1.0000   0.0000      39.825
    2130   4.695   0.8274   0.8827   0.9590   0.9973   1.0000   0.9985   0.9815   1.0000   1.0000   1.0000   0.0000      40.689
    2135   4.684   0.8269   0.8747   0.9655   0.9987   1.0000   0.9982   0.9822   1.0000   1.0000   1.0000   0.0000      41.554
    2140   4.673   0.8259   0.8692   0.9698   0.9994   1.0000   0.9975   0.9829   1.0000   1.0000   1.0000   0.0000      42.424
    2145   4.662   0.8288   0.8712   0.9707   0.9997   1.0000   0.9967   0.9836   1.0000   1.0000   1.0000   0.0000      43.280
    2150   4.651   0.8327   0.8783   0.9674   0.9999   1.0000   0.9959   0.9843   1.0000   1.0000   1.0000   0.0000      44.117
    2155   4.640   0.8399   0.8929   0.9603   0.9999   1.0000   0.9948   0.9848   1.0000   1.0000   1.0000   0.0000      44.917
    2160   4.630   0.8445   0.9076   0.9504   0.9999   1.0000   0.9938   0.9852   1.0000   1.0000   1.0000   0.0000      45.695
    2165   4.619   0.8453   0.9214   0.9379   0.9999   1.0000   0.9924   0.9858   1.0000   1.0000   1.0000   0.0000      46.468
    2170   4.608   0.8390   0.9304   0.9227   0.9999   1.0000   0.9911   0.9863   1.0000   1.0000   1.0000   0.0000      47.274
    2175   4.598   0.8248   0.9361   0.9020   0.9998   1.0000   0.9901   0.9867   1.0000   1.0000   1.0000   0.0000      48.149
    2180   4.587   0.8007   0.9389   0.8735   0.9998   1.0000   0.9892   0.9871   1.0000   1.0000   1.0000   0.0000      49.146
    2185   4.577   0.7659   0.9398   0.8354   0.9999   1.0000   0.9880   0.9875   1.0000   1.0000   1.0000   0.0000      50.316
    2190   4.566   0.7247   0.9424   0.7890   0.9999   1.0000   0.9868   0.9878   1.0000   1.0000   1.0000   0.0000      51.693
    2195   4.556   0.6757   0.9428   0.7359   0.9999   1.0000   0.9857   0.9881   1.0000   1.0000   1.0000   0.0000      53.315
    2200   4.545   0.6243   0.9405   0.6822   0.9999   1.0000   0.9845   0.9883   1.0000   1.0000   1.0000   0.0000      55.193
    2205   4.535   0.5818   0.9370   0.6388   0.9999   1.0000   0.9834   0.9885   1.0000   1.0000   1.0000   0.0000      57.284
    2210   4.525   0.5559   0.9334   0.6133   0.9999   1.0000   0.9822   0.9887   1.0000   1.0000   1.0000   0.0000      59.505
    2215   4.515   0.5398   0.9358   0.5949   0.9999   1.0000   0.9807   0.9889   1.0000   1.0000   1.0000   0.0000      61.806
    2220   4.505   0.5233   0.9414   0.5740   0.9999   1.0000   0.9791   0.9891   1.0000   1.0000   1.0000   0.0000      64.190
    2225   4.494   0.4906   0.9468   0.5358   0.9999   1.0000   0.9776   0.9892   1.0000   1.0000   1.0000   0.0000      66.737
    2230   4.484   0.4347   0.9508   0.4735   0.9999   1.0000   0.9760   0.9893   1.0000   1.0000   1.0000   0.0000      69.563
    2235   4.474   0.3792   0.9509   0.4136   0.9999   1.0000   0.9744   0.9895   1.0000   1.0000   1.0000   0.0000      72.667
    2240   4.464   0.3351   0.9471   0.3676   1.0000   1.0000   0.9729   0.9896   1.0000   1.0000   1.0000   0.0000      75.992
    2245   4.454   0.2995   0.9432   0.3303   1.0000   1.0000   0.9715   0.9898   1.0000   1.0000   1.0000   0.0000      79.494
1
   FREQ WAVELENGTH  TOTAL     H2O     CO2+     OZONE    TRACE  N2 CONT  H2O CONT MOL SCAT  AER-HYD  HNO3    AER-HYD  INTEGRATED

   1/CM  MICRONS    TRANS    TRANS    TRANS    TRANS    TRANS   TRANS    TRANS    TRANS     TRANS   TRANS    ABS     ABSORPTION
    2250   4.444   0.2609   0.9426   0.2883   1.0000   1.0000   0.9702   0.9899   1.0000   1.0000   1.0000   0.0000      83.189
    2255   4.435   0.2127   0.9436   0.2350   1.0000   1.0000   0.9689   0.9900   1.0000   1.0000   1.0000   0.0000      87.126
    2260   4.425   0.1662   0.9496   0.1827   1.0000   1.0000   0.9676   0.9901   1.0000   1.0000   1.0000   0.0000      91.295
    2265   4.415   0.1300   0.9565   0.1420   1.0000   1.0000   0.9667   0.9902   1.0000   1.0000   1.0000   0.0000      95.645
    2270   4.405   0.1048   0.9598   0.1142   1.0000   1.0000   0.9657   0.9903   1.0000   1.0000   1.0000   0.0000     100.121
    2275   4.396   0.0824   0.9616   0.0897   1.0000   1.0000   0.9647   0.9904   1.0000   1.0000   1.0000   0.0000     104.709
    2280   4.386   0.0591   0.9641   0.0642   1.0000   1.0000   0.9636   0.9905   1.0000   1.0000   1.0000   0.0000     109.413
    2285   4.376   0.0342   0.9659   0.0371   1.0000   1.0000   0.9623   0.9907   1.0000   1.0000   1.0000   0.0000     114.242
    2290   4.367   0.0140   0.9682   0.0152   1.0000   1.0000   0.9609   0.9908   1.0000   1.0000   1.0000   0.0000     119.172
    2295   4.357   0.0040   0.9724   0.0043   1.0000   1.0000   0.9590   0.9909   1.0000   1.0000   1.0000   0.0000     124.152
    2300   4.348   0.0007   0.9745   0.0008   1.0000   1.0000   0.9571   0.9910   1.0000   1.0000   1.0000   0.0000     129.149
    2305   4.338   0.0001   0.9768   0.0001   1.0000   1.0000   0.9517   0.9911   1.0000   1.0000   1.0000   0.0000     134.148
    2310   4.329   0.0000   0.9795   0.0000   1.0000   1.0000   0.9465   0.9912   1.0000   1.0000   1.0000   0.0000     139.148
    2315   4.320   0.0000   0.9808   0.0000   1.0000   1.0000   0.9395   0.9913   1.0000   1.0000   1.0000   0.0000     144.148
    2320   4.310   0.0000   0.9822   0.0000   1.0000   1.0000   0.9327   0.9913   1.0000   1.0000   1.0000   0.0000     149.148
    2325   4.301   0.0000   0.9835   0.0000   1.0000   1.0000   0.9292   0.9914   1.0000   1.0000   1.0000   0.0000     154.148
    2330   4.292   0.0000   0.9850   0.0000   1.0000   1.0000   0.9254   0.9915   1.0000   1.0000   1.0000   0.0000     159.148
    2335   4.283   0.0000   0.9868   0.0000   1.0000   1.0000   0.9292   0.9915   1.0000   1.0000   1.0000   0.0000     164.148
    2340   4.274   0.0000   0.9888   0.0000   1.0000   1.0000   0.9331   0.9916   1.0000   1.0000   1.0000   0.0000     169.148
    2345   4.264   0.0000   0.9907   0.0000   1.0000   1.0000   0.9391   0.9917   1.0000   1.0000   1.0000   0.0000     174.148
    2350   4.255   0.0000   0.9918   0.0000   1.0000   1.0000   0.9452   0.9917   1.0000   1.0000   1.0000   0.0000     179.148
    2355   4.246   0.0000   0.9928   0.0000   1.0000   1.0000   0.9469   0.9918   1.0000   1.0000   1.0000   0.0000     184.148
    2360   4.237   0.0000   0.9933   0.0000   1.0000   1.0000   0.9482   0.9918   1.0000   1.0000   1.0000   0.0000     189.148
    2365   4.228   0.0000   0.9933   0.0000   1.0000   1.0000   0.9491   0.9919   1.0000   1.0000   1.0000   0.0000     194.148
    2370   4.219   0.0000   0.9937   0.0000   1.0000   1.0000   0.9499   0.9919   1.0000   1.0000   1.0000   0.0000     199.148
    2375   4.211   0.0000   0.9939   0.0000   1.0000   1.0000   0.9499   0.9920   1.0000   1.0000   1.0000   0.0000     204.148
    2380   4.202   0.0011   0.9942   0.0012   1.0000   1.0000   0.9504   0.9920   1.0000   1.0000   1.0000   0.0000     209.143
    2385   4.193   0.0496   0.9947   0.0529   1.0000   1.0000   0.9504   0.9920   1.0000   1.0000   1.0000   0.0000     213.895
    2390   4.184   0.3633   0.9950   0.3875   1.0000   1.0000   0.9499   0.9921   1.0000   1.0000   1.0000   0.0000     217.078
    2395   4.175   0.7368   0.9951   0.7864   1.0000   1.0000   0.9491   0.9921   1.0000   1.0000   1.0000   0.0000     218.394
    2400   4.167   0.8070   0.9954   0.8606   1.0000   1.0000   0.9495   0.9921   1.0000   1.0000   1.0000   0.0000     219.359
    2405   4.158   0.8375   0.9956   0.8925   1.0000   1.0000   0.9499   0.9922   1.0000   1.0000   1.0000   0.0000     220.172
    2410   4.149   0.8561   0.9960   0.9107   1.0000   1.0000   0.9512   0.9922   1.0000   1.0000   1.0000   0.0000     220.891
    2415   4.141   0.8715   0.9965   0.9257   1.0000   1.0000   0.9521   0.9922   1.0000   1.0000   1.0000   0.0000     221.534
    2420   4.132   0.8834   0.9964   0.9363   1.0000   1.0000   0.9543   0.9923   1.0000   1.0000   1.0000   0.0000     222.117
    2425   4.124   0.8922   0.9965   0.9443   1.0000   1.0000   0.9556   0.9923   1.0000   1.0000   1.0000   0.0000     222.656
    2430   4.115   0.8992   0.9965   0.9499   1.0000   1.0000   0.9574   0.9923   1.0000   1.0000   1.0000   0.0000     223.160
    2435   4.107   0.9054   0.9968   0.9539   1.0000   1.0000   0.9596   0.9923   1.0000   1.0000   1.0000   0.0000     223.633
    2440   4.098   0.9105   0.9974   0.9571   1.0000   1.0000   0.9611   0.9924   1.0000   1.0000   1.0000   0.0000     224.080
    2445   4.090   0.9163   0.9978   0.9608   1.0000   1.0000   0.9631   0.9924   1.0000   1.0000   1.0000   0.0000     224.499
    2450   4.082   0.9228   0.9980   0.9650   1.0000   1.0000   0.9655   0.9924   1.0000   1.0000   1.0000   0.0000     224.885
    2455   4.073   0.9293   0.9979   0.9692   1.0000   1.0000   0.9682   0.9924   1.0000   1.0000   1.0000   0.0000     225.239
    2460   4.065   0.9348   0.9977   0.9727   1.0000   1.0000   0.9706   0.9924   1.0000   1.0000   1.0000   0.0000     225.565
    2465   4.057   0.9384   0.9975   0.9748   1.0000   1.0000   0.9724   0.9925   1.0000   1.0000   1.0000   0.0000     225.873
    2470   4.049   0.9421   0.9974   0.9760   1.0000   1.0000   0.9751   0.9925   1.0000   1.0000   1.0000   0.0000     226.162
    2475   4.040   0.9460   0.9975   0.9775   1.0000   1.0000   0.9776   0.9925   1.0000   1.0000   1.0000   0.0000     226.432
    2480   4.032   0.9499   0.9974   0.9795   1.0000   1.0000   0.9796   0.9925   1.0000   1.0000   1.0000   0.0000     226.683
    2485   4.024   0.9547   0.9971   0.9825   1.0000   1.0000   0.9818   0.9925   1.0000   1.0000   1.0000   0.0000     226.909
    2490   4.016   0.9589   0.9970   0.9858   1.0000   1.0000   0.9829   0.9926   1.0000   1.0000   1.0000   0.0000     227.115
    2495   4.008   0.9623   0.9967   0.9885   1.0000   1.0000   0.9841   0.9926   1.0000   1.0000   1.0000   0.0000     227.303
1
   FREQ WAVELENGTH  TOTAL     H2O     CO2+     OZONE    TRACE  N2 CONT  H2O CONT MOL SCAT  AER-HYD  HNO3    AER-HYD  INTEGRATED

   1/CM  MICRONS    TRANS    TRANS    TRANS    TRANS    TRANS   TRANS    TRANS    TRANS     TRANS   TRANS    ABS     ABSORPTION
    2500   4.000   0.9655   0.9962   0.9905   1.0000   1.0000   0.9859   0.9926   1.0000   1.0000   1.0000   0.0000     227.475
    2505   3.992   0.9680   0.9957   0.9915   1.0000   1.0000   0.9879   0.9926   1.0000   1.0000   1.0000   0.0000     227.635
    2510   3.984   0.9683   0.9952   0.9916   1.0000   1.0000   0.9886   0.9926   1.0000   1.0000   1.0000   0.0000     227.794
    2515   3.976   0.9684   0.9944   0.9911   1.0000   1.0000   0.9900   0.9926   1.0000   1.0000   1.0000   0.0000     227.952
    2520   3.968   0.9677   0.9936   0.9900   1.0000   1.0000   0.9911   0.9926   1.0000   1.0000   1.0000   0.0000     228.113
    2525   3.960   0.9659   0.9929   0.9879   1.0000   1.0000   0.9920   0.9926   1.0000   1.0000   1.0000   0.0000     228.284
    2530   3.953   0.9620   0.9915   0.9847   1.0000   1.0000   0.9927   0.9926   1.0000   1.0000   1.0000   0.0000     228.474
    2535   3.945   0.9576   0.9902   0.9806   1.0000   1.0000   0.9936   0.9926   1.0000   1.0000   1.0000   0.0000     228.686
    2540   3.937   0.9527   0.9890   0.9759   1.0000   1.0000   0.9945   0.9926   1.0000   1.0000   1.0000   0.0000     228.922
    2545   3.929   0.9480   0.9873   0.9719   1.0000   1.0000   0.9952   0.9926   1.0000   1.0000   1.0000   0.0000     229.182
    2550   3.922   0.9444   0.9851   0.9700   1.0000   1.0000   0.9957   0.9926   1.0000   1.0000   1.0000   0.0000     229.460
    2555   3.914   0.9423   0.9836   0.9691   1.0000   1.0000   0.9959   0.9926   1.0000   1.0000   1.0000   0.0000     229.749
    2560   3.906   0.9397   0.9810   0.9686   1.0000   1.0000   0.9963   0.9926   1.0000   1.0000   1.0000   0.0000     230.050
    2565   3.899   0.9357   0.9772   0.9678   1.0000   1.0000   0.9968   0.9926   1.0000   1.0000   1.0000   0.0000     230.372
    2570   3.891   0.9319   0.9753   0.9655   1.0000   1.0000   0.9970   0.9926   1.0000   1.0000   1.0000   0.0000     230.712
    2575   3.883   0.9276   0.9713   0.9647   1.0000   1.0000   0.9973   0.9926   1.0000   1.0000   1.0000   0.0000     231.074
    2580   3.876   0.9252   0.9673   0.9661   1.0000   1.0000   0.9975   0.9926   1.0000   1.0000   1.0000   0.0000     231.448
    2585   3.868   0.9269   0.9655   0.9694   1.0000   1.0000   0.9978   0.9925   1.0000   1.0000   1.0000   0.0000     231.813
    2590   3.861   0.9273   0.9603   0.9747   1.0000   1.0000   0.9982   0.9925   1.0000   1.0000   1.0000   0.0000     232.177
    2595   3.854   0.9289   0.9572   0.9795   1.0000   1.0000   0.9983   0.9925   1.0000   1.0000   1.0000   0.0000     232.532
    2600   3.846   0.9318   0.9564   0.9833   1.0000   1.0000   0.9984   0.9924   1.0000   1.0000   1.0000   0.0000     232.873
    2605   3.839   0.9308   0.9517   0.9869   1.0000   1.0000   0.9986   0.9924   1.0000   1.0000   1.0000   0.0000     233.219
    2610   3.831   0.9298   0.9481   0.9893   1.0000   1.0000   0.9989   0.9923   1.0000   1.0000   1.0000   0.0000     233.571
    2615   3.824   0.9293   0.9463   0.9906   1.0000   1.0000   0.9990   0.9923   1.0000   1.0000   1.0000   0.0000     233.924
    2620   3.817   0.9229   0.9395   0.9909   1.0000   1.0000   0.9991   0.9923   1.0000   1.0000   1.0000   0.0000     234.310
    2625   3.810   0.9177   0.9348   0.9902   1.0000   1.0000   0.9992   0.9922   1.0000   1.0000   1.0000   0.0000     234.721
    2630   3.802   0.9158   0.9336   0.9893   1.0000   1.0000   0.9992   0.9922   1.0000   1.0000   1.0000   0.0000     235.143
    2635   3.795   0.9091   0.9271   0.9890   1.0000   1.0000   0.9993   0.9922   1.0000   1.0000   1.0000   0.0000     235.597
    2640   3.788   0.9055   0.9231   0.9893   1.0000   1.0000   0.9993   0.9921   1.0000   1.0000   1.0000   0.0000     236.070
    2645   3.781   0.9029   0.9196   0.9903   1.0000   1.0000   0.9993   0.9921   1.0000   1.0000   1.0000   0.0000     236.555
    2650   3.774   0.8973   0.9132   0.9912   1.0000   1.0000   0.9993   0.9921   1.0000   1.0000   1.0000   0.0000     237.069
    2655   3.766   0.8973   0.9125   0.9918   1.0000   1.0000   0.9993   0.9921   1.0000   1.0000   1.0000   0.0000     237.582
    2660   3.759   0.8972   0.9119   0.9924   1.0000   1.0000   0.9993   0.9921   1.0000   1.0000   1.0000   0.0000     238.096
    2665   3.752   0.8986   0.9136   0.9920   1.0000   1.0000   0.9994   0.9921   1.0000   1.0000   1.0000   0.0000     238.603
    2670   3.745   0.9038   0.9194   0.9915   1.0000   1.0000   0.9994   0.9921   1.0000   1.0000   1.0000   0.0000     239.084
    2675   3.738   0.9053   0.9213   0.9910   1.0000   1.0000   0.9995   0.9921   1.0000   1.0000   1.0000   0.0000     239.557
    2680   3.731   0.9084   0.9254   0.9898   1.0000   1.0000   0.9996   0.9921   1.0000   1.0000   1.0000   0.0000     240.015
    2685   3.724   0.9141   0.9314   0.9895   1.0000   1.0000   0.9997   0.9921   1.0000   1.0000   1.0000   0.0000     240.445
    2690   3.717   0.9154   0.9327   0.9896   1.0000   1.0000   0.9997   0.9921   1.0000   1.0000   1.0000   0.0000     240.868
    2695   3.711   0.9161   0.9338   0.9892   1.0000   1.0000   0.9998   0.9921   1.0000   1.0000   1.0000   0.0000     241.288
    2700   3.704   0.9140   0.9310   0.9897   1.0000   1.0000   0.9998   0.9920   1.0000   1.0000   1.0000   0.0000     241.718
    2705   3.697   0.8975   0.9139   0.9902   1.0000   1.0000   0.9998   0.9921   1.0000   1.0000   1.0000   0.0000     242.230
    2710   3.690   0.8736   0.8897   0.9898   1.0000   1.0000   0.9999   0.9921   1.0000   1.0000   1.0000   0.0000     242.862
    2715   3.683   0.8509   0.8664   0.9901   1.0000   1.0000   0.9999   0.9921   1.0000   1.0000   1.0000   0.0000     243.607
    2720   3.676   0.8366   0.8517   0.9903   1.0000   1.0000   0.9999   0.9921   1.0000   1.0000   1.0000   0.0000     244.424
    2725   3.670   0.8492   0.8652   0.9894   1.0000   1.0000   0.9999   0.9921   1.0000   1.0000   1.0000   0.0000     245.178
    2730   3.663   0.8774   0.8944   0.9889   1.0000   1.0000   0.9999   0.9921   1.0000   1.0000   1.0000   0.0000     245.791
    2735   3.656   0.8993   0.9175   0.9880   1.0000   1.0000   1.0000   0.9921   1.0000   1.0000   1.0000   0.0000     246.295
    2740   3.650   0.9103   0.9303   0.9863   1.0000   1.0000   1.0000   0.9920   1.0000   1.0000   1.0000   0.0000     246.743
    2745   3.643   0.9146   0.9353   0.9857   1.0000   1.0000   1.0000   0.9921   1.0000   1.0000   1.0000   0.0000     247.170
1
   FREQ WAVELENGTH  TOTAL     H2O     CO2+     OZONE    TRACE  N2 CONT  H2O CONT MOL SCAT  AER-HYD  HNO3    AER-HYD  INTEGRATED

   1/CM  MICRONS    TRANS    TRANS    TRANS    TRANS    TRANS   TRANS    TRANS    TRANS     TRANS   TRANS    ABS     ABSORPTION
    2750   3.636   0.9090   0.9297   0.9855   1.0000   1.0000   1.0000   0.9921   1.0000   1.0000   1.0000   0.0000     247.626
    2755   3.630   0.9005   0.9218   0.9848   1.0000   1.0000   1.0000   0.9921   1.0000   1.0000   1.0000   0.0000     248.123
    2760   3.623   0.8970   0.9189   0.9840   1.0000   1.0000   1.0000   0.9921   1.0000   1.0000   1.0000   0.0000     248.638
    2765   3.617   0.8887   0.9114   0.9829   1.0000   1.0000   1.0000   0.9921   1.0000   1.0000   1.0000   0.0000     249.195
    2770   3.610   0.8812   0.9064   0.9800   1.0000   1.0000   1.0000   0.9921   1.0000   1.0000   1.0000   0.0000     249.789
    2775   3.604   0.8762   0.9038   0.9772   1.0000   1.0000   1.0000   0.9921   1.0000   1.0000   1.0000   0.0000     250.408
    2780   3.597   0.8662   0.8960   0.9746   0.9999   1.0000   1.0000   0.9920   1.0000   1.0000   1.0000   0.0000     251.077
    2785   3.591   0.8566   0.8888   0.9715   0.9999   1.0000   1.0000   0.9920   1.0000   1.0000   1.0000   0.0000     251.794
    2790   3.584   0.8537   0.8872   0.9700   0.9999   1.0000   1.0000   0.9920   1.0000   1.0000   1.0000   0.0000     252.525
    2795   3.578   0.8523   0.8858   0.9701   0.9999   1.0000   1.0000   0.9920   1.0000   1.0000   1.0000   0.0000     253.264
    2800   3.571   0.8511   0.8836   0.9710   0.9999   1.0000   1.0000   0.9920   1.0000   1.0000   1.0000   0.0000     254.008
    2805   3.565   0.8561   0.8879   0.9719   1.0000   1.0000   1.0000   0.9920   1.0000   1.0000   1.0000   0.0000     254.728
    2810   3.559   0.8529   0.8849   0.9717   1.0000   1.0000   1.0000   0.9921   1.0000   1.0000   1.0000   0.0000     255.463
    2815   3.552   0.8493   0.8828   0.9697   1.0000   1.0000   1.0000   0.9921   1.0000   1.0000   1.0000   0.0000     256.217
    2820   3.546   0.8515   0.8873   0.9672   1.0000   1.0000   1.0000   0.9921   1.0000   1.0000   1.0000   0.0000     256.959
    2825   3.540   0.8534   0.8894   0.9671   1.0000   1.0000   1.0000   0.9922   1.0000   1.0000   1.0000   0.0000     257.693
    2830   3.534   0.8624   0.8962   0.9699   1.0000   1.0000   1.0000   0.9922   1.0000   1.0000   1.0000   0.0000     258.381
    2835   3.527   0.8735   0.9033   0.9746   1.0000   1.0000   1.0000   0.9923   1.0000   1.0000   1.0000   0.0000     259.013
    2840   3.521   0.8821   0.9086   0.9785   1.0000   1.0000   1.0000   0.9923   1.0000   1.0000   1.0000   0.0000     259.602
    2845   3.515   0.8903   0.9153   0.9802   1.0000   1.0000   1.0000   0.9923   1.0000   1.0000   1.0000   0.0000     260.151
    2850   3.509   0.8952   0.9219   0.9786   1.0000   1.0000   1.0000   0.9923   1.0000   1.0000   1.0000   0.0000     260.675
    2855   3.503   0.8972   0.9274   0.9750   1.0000   1.0000   1.0000   0.9923   1.0000   1.0000   1.0000   0.0000     261.188
    2860   3.497   0.8975   0.9325   0.9700   1.0000   1.0000   1.0000   0.9923   1.0000   1.0000   1.0000   0.0000     261.701
    2865   3.490   0.8946   0.9343   0.9650   1.0000   1.0000   1.0000   0.9923   1.0000   1.0000   1.0000   0.0000     262.228
    2870   3.484   0.8943   0.9372   0.9617   1.0000   1.0000   1.0000   0.9923   1.0000   1.0000   1.0000   0.0000     262.756
    2875   3.478   0.8941   0.9387   0.9600   1.0000   1.0000   1.0000   0.9922   1.0000   1.0000   1.0000   0.0000     263.286
    2880   3.472   0.8937   0.9383   0.9601   1.0000   1.0000   1.0000   0.9921   1.0000   1.0000   1.0000   0.0000     263.817
    2885   3.466   0.8946   0.9396   0.9597   1.0000   1.0000   1.0000   0.9920   1.0000   1.0000   1.0000   0.0000     264.344
    2890   3.460   0.8909   0.9359   0.9598   1.0000   0.9999   1.0000   0.9919   1.0000   1.0000   1.0000   0.0000     264.890
    2895   3.454   0.8861   0.9332   0.9576   1.0000   0.9999   1.0000   0.9917   1.0000   1.0000   1.0000   0.0000     265.459
    2900   3.448   0.8840   0.9336   0.9551   1.0000   0.9999   1.0000   0.9915   1.0000   1.0000   1.0000   0.0000     266.039
    2905   3.442   0.8815   0.9339   0.9525   1.0000   0.9999   1.0000   0.9911   1.0000   1.0000   1.0000   0.0000     266.631
    2910   3.436   0.8838   0.9395   0.9496   1.0000   0.9999   1.0000   0.9907   1.0000   1.0000   1.0000   0.0000     267.212
    2915   3.431   0.8840   0.9421   0.9476   1.0000   0.9999   1.0000   0.9904   1.0000   1.0000   1.0000   0.0000     267.792
    2920   3.425   0.8743   0.9342   0.9454   1.0000   0.9999   1.0000   0.9900   1.0000   1.0000   1.0000   0.0000     268.421
    2925   3.419   0.8620   0.9229   0.9441   1.0000   1.0000   1.0000   0.9894   1.0000   1.0000   1.0000   0.0000     269.111
    2930   3.413   0.8427   0.9043   0.9424   1.0000   1.0000   1.0000   0.9888   1.0000   1.0000   1.0000   0.0000     269.897
    2935   3.407   0.8279   0.8909   0.9408   0.9999   1.0000   1.0000   0.9879   1.0000   1.0000   1.0000   0.0000     270.758
    2940   3.401   0.8256   0.8907   0.9392   0.9999   1.0000   1.0000   0.9870   1.0000   1.0000   1.0000   0.0000     271.630
    2945   3.396   0.8205   0.8882   0.9373   0.9999   1.0000   1.0000   0.9857   1.0000   1.0000   1.0000   0.0000     272.527
    2950   3.390   0.8126   0.8816   0.9364   0.9999   1.0000   1.0000   0.9844   1.0000   1.0000   1.0000   0.0000     273.464
    2955   3.384   0.7923   0.8609   0.9365   0.9999   1.0000   1.0000   0.9829   1.0000   1.0000   1.0000   0.0000     274.503
    2960   3.378   0.7632   0.8291   0.9382   0.9999   1.0000   1.0000   0.9813   1.0000   1.0000   1.0000   0.0000     275.687
    2965   3.373   0.7280   0.7905   0.9403   0.9999   1.0000   1.0000   0.9796   1.0000   1.0000   1.0000   0.0000     277.047
    2970   3.367   0.6959   0.7549   0.9429   0.9998   1.0000   1.0000   0.9779   1.0000   1.0000   1.0000   0.0000     278.567
    2975   3.361   0.6670   0.7229   0.9461   0.9998   1.0000   1.0000   0.9754   1.0000   1.0000   1.0000   0.0000     280.232
    2980   3.356   0.6445   0.6985   0.9486   0.9997   1.0000   1.0000   0.9729   1.0000   1.0000   1.0000   0.0000     282.009
    2985   3.350   0.6440   0.6979   0.9520   0.9997   1.0000   1.0000   0.9696   1.0000   1.0000   1.0000   0.0000     283.789
    2990   3.344   0.6414   0.6980   0.9512   0.9996   1.0000   1.0000   0.9664   1.0000   1.0000   1.0000   0.0000     285.582
    2995   3.339   0.6370   0.6996   0.9457   0.9994   1.0000   1.0000   0.9633   1.0000   1.0000   1.0000   0.0000     287.398
1
   FREQ WAVELENGTH  TOTAL     H2O     CO2+     OZONE    TRACE  N2 CONT  H2O CONT MOL SCAT  AER-HYD  HNO3    AER-HYD  INTEGRATED

   1/CM  MICRONS    TRANS    TRANS    TRANS    TRANS    TRANS   TRANS    TRANS    TRANS     TRANS   TRANS    ABS     ABSORPTION
    3000   3.333   0.6166   0.6927   0.9279   0.9993   1.0000   1.0000   0.9602   1.0000   1.0000   1.0000   0.0000     289.314
    3005   3.328   0.5656   0.6625   0.8931   0.9992   1.0000   1.0000   0.9567   1.0000   1.0000   1.0000   0.0000     291.486
    3010   3.322   0.5126   0.6312   0.8527   0.9991   1.0000   1.0000   0.9533   1.0000   1.0000   1.0000   0.0000     293.923
    3015   3.317   0.4770   0.6036   0.8315   0.9989   1.0000   1.0000   0.9514   1.0000   1.0000   1.0000   0.0000     296.539
    3020   3.311   0.4773   0.5791   0.8691   0.9988   1.0000   1.0000   0.9495   1.0000   1.0000   1.0000   0.0000     299.152
    3025   3.306   0.4982   0.5747   0.9173   0.9988   1.0000   1.0000   0.9463   1.0000   1.0000   1.0000   0.0000     301.661
    3030   3.300   0.5297   0.5952   0.9449   0.9987   1.0000   1.0000   0.9431   1.0000   1.0000   1.0000   0.0000     304.012
    3035   3.295   0.5698   0.6336   0.9580   0.9987   1.0000   1.0000   0.9400   1.0000   1.0000   1.0000   0.0000     306.163
    3040   3.289   0.6113   0.6800   0.9607   0.9987   1.0000   1.0000   0.9368   1.0000   1.0000   1.0000   0.0000     308.107
    3045   3.284   0.6143   0.6860   0.9583   0.9988   1.0000   1.0000   0.9355   1.0000   1.0000   1.0000   0.0000     310.036
    3050   3.279   0.5736   0.6451   0.9530   0.9988   1.0000   1.0000   0.9342   1.0000   1.0000   1.0000   0.0000     312.168
    3055   3.273   0.5258   0.5966   0.9459   0.9992   1.0000   1.0000   0.9326   1.0000   1.0000   1.0000   0.0000     314.539
    3060   3.268   0.4826   0.5526   0.9386   0.9994   1.0000   1.0000   0.9310   1.0000   1.0000   1.0000   0.0000     317.125
    3065   3.263   0.4576   0.5285   0.9324   0.9996   1.0000   1.0000   0.9291   1.0000   1.0000   1.0000   0.0000     319.837
    3070   3.257   0.4844   0.5640   0.9266   0.9997   1.0000   1.0000   0.9271   1.0000   1.0000   1.0000   0.0000     322.416
    3075   3.252   0.5044   0.5911   0.9239   0.9998   1.0000   1.0000   0.9239   1.0000   1.0000   1.0000   0.0000     324.893
    3080   3.247   0.4896   0.5761   0.9230   0.9999   1.0000   1.0000   0.9208   1.0000   1.0000   1.0000   0.0000     327.446
    3085   3.241   0.4812   0.5676   0.9238   0.9999   1.0000   1.0000   0.9178   1.0000   1.0000   1.0000   0.0000     330.040
    3090   3.236   0.4416   0.5203   0.9279   0.9999   1.0000   1.0000   0.9147   1.0000   1.0000   1.0000   0.0000     332.832
    3095   3.231   0.3711   0.4358   0.9316   0.9999   1.0000   1.0000   0.9141   1.0000   1.0000   1.0000   0.0000     335.976
    3100   3.226   0.3188   0.3726   0.9369   0.9999   1.0000   1.0000   0.9134   1.0000   1.0000   1.0000   0.0000     339.382
    3105   3.221   0.2740   0.3188   0.9401   0.9999   1.0000   1.0000   0.9144   1.0000   1.0000   1.0000   0.0000     343.012
    3110   3.215   0.2356   0.2728   0.9437   0.9999   1.0000   1.0000   0.9153   1.0000   1.0000   1.0000   0.0000     346.834
    3115   3.210   0.2322   0.2673   0.9467   0.9999   1.0000   1.0000   0.9175   1.0000   1.0000   1.0000   0.0000     350.674
    3120   3.205   0.2584   0.2956   0.9506   0.9999   1.0000   1.0000   0.9197   1.0000   1.0000   1.0000   0.0000     354.381
    3125   3.200   0.3222   0.3654   0.9548   0.9999   1.0000   1.0000   0.9238   1.0000   1.0000   1.0000   0.0000     357.770
    3130   3.195   0.4409   0.4957   0.9589   0.9999   1.0000   1.0000   0.9278   1.0000   1.0000   1.0000   0.0000     360.566
    3135   3.190   0.5669   0.6319   0.9634   0.9998   1.0000   1.0000   0.9314   1.0000   1.0000   1.0000   0.0000     362.731
    3140   3.185   0.6706   0.7422   0.9665   0.9998   1.0000   1.0000   0.9350   1.0000   1.0000   1.0000   0.0000     364.378
    3145   3.180   0.7422   0.8146   0.9709   0.9998   1.0000   1.0000   0.9386   1.0000   1.0000   1.0000   0.0000     365.667
    3150   3.175   0.7777   0.8474   0.9740   0.9998   1.0000   1.0000   0.9423   1.0000   1.0000   1.0000   0.0000     366.779
    3155   3.170   0.7912   0.8561   0.9779   0.9998   1.0000   1.0000   0.9452   1.0000   1.0000   1.0000   0.0000     367.823
    3160   3.165   0.7801   0.8384   0.9815   0.9998   1.0000   1.0000   0.9481   1.0000   1.0000   1.0000   0.0000     368.923
    3165   3.160   0.7268   0.7781   0.9844   0.9998   1.0000   1.0000   0.9491   1.0000   1.0000   1.0000   0.0000     370.289
    3170   3.155   0.6556   0.6989   0.9875   0.9998   1.0000   1.0000   0.9500   1.0000   1.0000   1.0000   0.0000     372.011
    3175   3.150   0.5973   0.6368   0.9894   0.9999   1.0000   1.0000   0.9481   1.0000   1.0000   1.0000   0.0000     374.025
    3180   3.145   0.5575   0.5944   0.9914   0.9999   1.0000   1.0000   0.9462   1.0000   1.0000   1.0000   0.0000     376.237
    3185   3.140   0.5495   0.5879   0.9926   0.9999   1.0000   1.0000   0.9418   1.0000   1.0000   1.0000   0.0000     378.490
    3190   3.135   0.5695   0.6115   0.9934   0.9999   1.0000   1.0000   0.9374   1.0000   1.0000   1.0000   0.0000     380.642
    3195   3.130   0.5522   0.5947   0.9944   0.9999   1.0000   1.0000   0.9339   1.0000   1.0000   1.0000   0.0000     382.881
    3200   3.125   0.5260   0.5681   0.9952   0.9999   1.0000   1.0000   0.9305   1.0000   1.0000   1.0000   0.0000     385.251
    3205   3.120   0.4924   0.5325   0.9963   1.0000   1.0000   1.0000   0.9282   1.0000   1.0000   1.0000   0.0000     387.789
    3210   3.115   0.4238   0.4590   0.9973   1.0000   1.0000   1.0000   0.9259   1.0000   1.0000   1.0000   0.0000     390.670
    3215   3.110   0.3782   0.4102   0.9982   1.0000   1.0000   1.0000   0.9237   1.0000   1.0000   1.0000   0.0000     393.779
    3220   3.106   0.3522   0.3826   0.9989   1.0000   1.0000   1.0000   0.9214   1.0000   1.0000   1.0000   0.0000     397.019
    3225   3.101   0.3440   0.3740   0.9993   1.0000   1.0000   1.0000   0.9205   1.0000   1.0000   1.0000   0.0000     400.298
    3230   3.096   0.3405   0.3705   0.9996   1.0000   1.0000   1.0000   0.9196   1.0000   1.0000   1.0000   0.0000     403.596
    3235   3.091   0.3671   0.3996   0.9998   1.0000   1.0000   1.0000   0.9189   1.0000   1.0000   1.0000   0.0000     406.760
    3240   3.086   0.3864   0.4208   0.9999   1.0000   1.0000   1.0000   0.9182   1.0000   1.0000   1.0000   0.0000     409.828
    3245   3.082   0.4002   0.4358   1.0000   1.0000   1.0000   1.0000   0.9184   1.0000   1.0000   1.0000   0.0000     412.827
1
   FREQ WAVELENGTH  TOTAL     H2O     CO2+     OZONE    TRACE  N2 CONT  H2O CONT MOL SCAT  AER-HYD  HNO3    AER-HYD  INTEGRATED

   1/CM  MICRONS    TRANS    TRANS    TRANS    TRANS    TRANS   TRANS    TRANS    TRANS     TRANS   TRANS    ABS     ABSORPTION
    3250   3.077   0.4326   0.4710   1.0000   1.0000   1.0000   1.0000   0.9185   1.0000   1.0000   1.0000   0.0000     415.664
    3255   3.072   0.4307   0.4685   1.0000   1.0000   1.0000   1.0000   0.9196   1.0000   1.0000   1.0000   0.0000     418.510
    3260   3.067   0.4194   0.4557   0.9999   1.0000   1.0000   1.0000   0.9206   1.0000   1.0000   1.0000   0.0000     421.413
    3265   3.063   0.4010   0.4354   0.9999   1.0000   1.0000   1.0000   0.9213   1.0000   1.0000   1.0000   0.0000     424.408
    3270   3.058   0.3767   0.4087   0.9998   1.0000   1.0000   1.0000   0.9219   1.0000   1.0000   1.0000   0.0000     427.525
    3275   3.053   0.3545   0.3839   0.9997   1.0000   1.0000   1.0000   0.9235   1.0000   1.0000   1.0000   0.0000     430.752
    3280   3.049   0.3546   0.3834   0.9997   1.0000   1.0000   1.0000   0.9252   1.0000   1.0000   1.0000   0.0000     433.979
    3285   3.044   0.3743   0.4042   0.9995   1.0000   1.0000   1.0000   0.9264   1.0000   1.0000   1.0000   0.0000     437.108
    3290   3.040   0.3976   0.4289   0.9992   1.0000   1.0000   1.0000   0.9277   1.0000   1.0000   1.0000   0.0000     440.120
    3295   3.035   0.4285   0.4620   0.9986   1.0000   1.0000   1.0000   0.9288   1.0000   1.0000   1.0000   0.0000     442.977
    3300   3.030   0.4579   0.4935   0.9978   1.0000   1.0000   1.0000   0.9299   1.0000   1.0000   1.0000   0.0000     445.688
    3305   3.026   0.4796   0.5161   0.9968   1.0000   1.0000   1.0000   0.9323   1.0000   1.0000   1.0000   0.0000     448.290
    3310   3.021   0.4794   0.5150   0.9959   1.0000   1.0000   1.0000   0.9347   1.0000   1.0000   1.0000   0.0000     450.893
    3315   3.017   0.5020   0.5386   0.9954   1.0000   1.0000   1.0000   0.9363   1.0000   1.0000   1.0000   0.0000     453.383
    3320   3.012   0.5173   0.5541   0.9953   1.0000   1.0000   1.0000   0.9379   1.0000   1.0000   1.0000   0.0000     455.796
    3325   3.008   0.5212   0.5583   0.9953   1.0000   1.0000   1.0000   0.9378   1.0000   1.0000   1.0000   0.0000     458.191
    3330   3.003   0.5594   0.5994   0.9952   1.0000   1.0000   1.0000   0.9378   1.0000   1.0000   1.0000   0.0000     459.292

0INTEGRATED ABSORPTION FROM  2000 TO  3330 CM-1 =    459.29 CM-1
 AVERAGE TRANSMITTANCE =0.6547

0 CARD 5 *****    0